1000
24040240
16836161
3934729822313538729491865182091750
5613617308107871667131183210913157565314054269478
24920496007
225204003096
3032582400
7558499386
87568703802866995275459172925145892
423208075554300288769768
426817194
7019480452201907
540526058187403791703127697077846803320232
327394180815474112450921645845705616
41794167839308841719213987848139797878929952
1836541620121
10713180713781851397154363259745445415720619904454
7891323861
306804483048
466090156598575
2315669601953066032406376866890294799747847
3435998
87693366242210886640267205932
1412047260
75087409625168076049507591104
96900822835042828795676950719281935812
261335982791
1448
1038894162598500499202806358187
243
822105174602312090709145018439
8978522821856482769522276678164
22258455890533565329437966235776783034863907470
24040800905
9368116616890624784396172978971667722840
38686607492
4397633490492675470314100
28880464503674
2824087
5371421440072
70927286269112572
150538015950444169470709197858950267635489582192
16356561175651079
267654807
515951756271542
26831806443555557857417954627565188397610298462998
22800056400030088
6515227174030943714889974757788527762974375581
18645064207252
579900222819508510023363740117536183191192
67589234090992005
306408969024
59387573606326708566048821781538877863
18600056101256
141204006024
16216596
758131
28591024859342101468
54218860052928562996862843091514635468461023725078
70962295978459
6010451382690446556112
842960889416276
187017284839998750354376
768186103966
288858564060
40113826845161127180236221384870458190402
734273971460768796871433854993
30000600905
788531083158921042842649561044808
701466708644103591068755881906934
27385026524861281979535628840037112271573
3046931294928860483764044116975249679751243
7466277053615176704101910036980112341
62150506
9965271
493729285749846041814327480088818083109717899051
924252185142
228006801
2986980097048401472889475822451
162456084012
73926606582699248363983768283791907300793619
456227225237363958548297589404923359369703
16511826965519139934374813483147593079
16212459301431
7582510771
16845088502
55291312813
146493649074786367449607256399083388
9061427052403447496183701059865944
5221475060006356669
584313897419314178995429143239684543517
515079800754833542945690431844
168456402072
33346775993205
288000324
24600664
6158359706706626148104030635
1028524
20725816507242081
565804105293772
108402084
102858723
30045056404874
7080296192037071188294105750
9489806163
441587293021998044615271343
348380924043511636227554979289440779028791
63312450490413984817967771644344215
45677764728
2612589
2197534560593959398
470470846625169012560926649
3004022
42309973959913084736919781021993427147745857
1231221660075663854867308290802
9926928112957351796979014347679417414301587112095
29387606
887464823351
11934899809082727420520163321
228456
3036544020484800301
3278783547125748679519443497885305226715525
3190488419900
123606081060
2400069690720
821122756971904239939131068
702682901406599697270
11148008043112223679456942338893448028971232741
526183546523428332165219628936386
94820922832124244730767970667484307189
7619047562249010248097831067924241379219
25376440422283691292805191946728411755695
10052033147
3068044830
803066538457714069
108402084
12645088
242586491528722444379175628727
920365615425914747792531389062423598969633564
2820545640003
9430639496154520004723570712387414008016356
79283334472609
3262499604125891476858804219556779893022420807
61574096
44757957059642221104650
123606009012225672
6752519
393850382509026105526378889989241429
136256140260978039590707926096949049
6342895565643604754
66587570082135545503535785733
18005400908
247628976750795922285480547157269994315343883816
800463562862294712
2884504860601056
88677034247074893144579675895738
123606720
874309515208929835923031461195
685962177483519060974834171219595970
4476141654673239942015986183411936927
13472444629691736396
22800056400
30080472
16880432404
7687625
282450006
1628529
243258408036840
48680877419998872553065815226852285
1472520060
8659858874490030910273652918906376927918380852
3000
57177408558
144456246000
209671010600338
70427700565050
3165562127180177788911828764843387174059
13492163706626552355041895970737578420719361965
1998481488958829589548
7247183247395676469357595
40085119
9648137199001960890339335765375687528
63539568115846876757
303654483
982022971880853374365785429069635224
2644082460
300006009
35587675084938333
14720448600
505049970569604842121446951
4831851166854972901794869
282402405
2856063240
108858
630135912085303356298468638732
282858804
2523427212735
5644236613176240090
228852486060
26160688807246564240
20826375469008
26644795668775
664855948207426190178449390931110618740174099
261654480
2827995105229523729777083434
8741367941783108553550266004219189
46416
9432083305497695224176683408896435817
183600963
1280326779916920434379525889165982235
66867265787063588605040209758
9448549879
863281946365804235912198135739
183204000
9481266858506195236967
2922836314559535984268176726152992437405674
28560632408490089
748722514787046542477607081911516
189654561036
804560751424267758630223879192671523384172698589
168456402072
33553328
749305124147937990964106
645363879065779062919267
186858000
22285272603622562
524625797
186858009
1088528040600
10840208401232
3338975385636481271285326791769303973087804669150
71837323579461
16245048600046
80143883555
3718894404209991
120858561
5981472162645611478289348773
631842394540260009141879132218499
20400664504878
9546942768572595734715561385477251078115960
168858243
93939523657661811123597
4185741035233297892672352586329903752270966
30325824903
42389571
38618461907353529044419107132650204
94912946031760013092892745588
14125232704
57035821429897857153115580863
541867944081361220049340666561800
79610638052304578120871
222804
203094551643624899030051206225
12449123
2126587187900738650939232
306402642048
64387111578695068872502433754601776815478
166497383968193029107898289283
14725832407
9753941251428743261814506497466294
11460169951727582352961117874724
138675452729204822578
28436441123052721208383784
41133905
151650381784874107841764322079769392450691868
2824500870
68123341204410866882660571063597110433454495199465
228000
306408249072945
72928473544560611
1015632020024114247148384254
262063033576070325917456899292534863
29278939496486776089221304578426235
9088984290880247359091829019784599676373
1001836133345547
30645096306
7215090178567885641113284596225
108006561084525
70344510905909834359941
5736129796202286359413356559697675704819245017
72293473836891510454
222408
6729848774565414327942144088802790630572720555
1761248459334774144335
5358646
18920440803
84056640929448406930562925212286267083145402
4601408243523041930
70547862179
219180
766226
30040296
6931529039509426476954851291730
546337709960052312013964031509720
79058088420837883222073413
81762098
23713589484105734678105
462812802855619846880655400808167441401473474674
6755980124
365297296206503428650512819988657
16245040504
20440280
4316580277355671805524789095
300450564
147654567060000
857285024989565720675109947132
3008040840246
383707678111287262338252181821034728445509316
189204480
970209
43500916575849083823987555044461564
437395638531888433761228381827959
529947922559559
24925
30139589839
28176233201463080098060548336
144804807072945
9164106
1800540
1804089690728
24045000309
76402331239469817654973134272377678550948620578732
3330708679362102966611514
385388537698876930221869
79274591126899690014567136671992
9899958301701408331824720234369472778618229
1476545670600000
64369126577
1296064800849008
37099589772362
8455673401089559
120456081024585
12040848
9080586233533631263453385958127452010046
569940695182725568125245411386210
105596164062240755177361045917
66763
2824087230848
709915725843702
835662633176588835380532634453894972
210746504759754996045427232594799
261258246
329863545
1472527260607200
3261510294958659555827
12385474258582231963023961012840793894
331095
22280440501284
2044021680
594864642253900842806750561
64403481418896938986848626423758597497110852916793
725715502458528823117512
3206120
9626768949459200781577599169793
18320408106
9039062599897299050037801779931358909954412
61210464
31417
7586175503768005066615395666468033281476
91509957271825183374462417908709
1416541
867069443822007303895
82175375167530401890248177906885638545324410343955
2256002460
4097447726084781668414479460311635
264858
171944536793801500353871004121680330467
6699264660952
6978647466299126405975
679394613384290074553663469669894768092635032
97984895982209085306038511846413394792975951
34326773470240735864
222402645
545034615706517415257441571959051312986637898
712831228548229692293309637976203694609159
228054483
437461133213270896188053626
65462097004023885082210956944
1412586
322404113506001278
2890538810299931627
58501676214262274329093202694253201060025
14160656
81673613013347379790558208280775522817
300804723012360
91946480874253673954779012686752908316523
33985260077430710221
2492049
716710238989686426674840258901170113373
8279423960515903159177543139695730585776128664
1684508040605
120054249048585
28840216
35639039358254
1232588
473956985495982311794406456345713
76009105087216256166174205793456138024560474835
16200664205
671322
55330033247261770204352427861668922270828982172
2072588040
1609147505723992412660280492374765
201277300261837090942563414387687175270866176
126119940805692157004490899029
83641384922130798290006476691736511174222639461651
71542809384532088
189252720036945
3004029630
88403578
303258969096
285972945571234895552000487533028
157774716
3605513240587962152633858128966085500211
7680863713772826823076730013254939
695449854137324407503122354508299976323383449
117746243966173424228438
73210101256845
2252047230485
20440280
207606087048
1918012264
3479713291319782144260461779323388391317774
69335778537751577543162941136141512641126765459102
53485226903867715671136723228766
8258754
5695332417554095796981914005005
789871
3176855480398778461040774585201685793080622014606
50187128889760
123606729072
2820674
9418130885958054
63906680148528166
2224082430960
60465228492904009230092820907979269175360
3025264896941271602044086500335
900316180139310477380555798855237933
16500884537790852570710732573132
2441208882
4383399812055127887931140901532141696
162402165096645
5702057825773523978091057850566176213049689840
316531236863932367964357578512
35503018870074633967339366441823786
1444086450482256366
1080541620483
9632788932647366492230189
22520
224186728713
19936553982699256101
2224026
94663765390679334
558308310721099848741322893443410483
2695444841693646205
74711826310132555296572960430
16205424301
761318383
55935397198087958720993466672777439507345297
18960696007
24045
841478429841891051689409
1448580870009008288
1472527260607200
71917947144207544565097290441447212
1200542400
300408561096840
5157892724057910627112345210965
42530462540290784481330065660702924466232
14445624600036
1628769579183745371722686309583724
65226914935403412715744177836916281845010806670072
9450359759595922437400745422889291
1868587290960608
84626675885566070
77146400082488223975627054186671691
201358859035110344368566817513407
12645648
6603359504
2432584080368400
338785409297
7221212767102727993292402137417201939301285
7696861995
7488039514180058998924033
5259576945780
5961888752982681259023032714922663645003949787634
320477728195534627387140205477165
240450723048900
14445624600
222450246048
830651456183308348756191619070002718503
1052044020
9843196321212702887365910551853828880724
9784104660831311555515418365544719856604
10200616206046
18925272905
25037806784008
3036068
569312367709299473
55420189729960477029568
8689060048812464981686335848455315930695
28280424
956828792475825
108000243012
57682749664725982094026343042
186054489060720048
614606450888160043166352
8399821
93543363515905763628282107805812803049268728
78444090005512699412130820353108142250546027
662003672
30085232408406084
34320285999687014757
499172654182655889875566054241585
6883936904175807627687288625862974686465
468002344469758760583712990501998860058397
30640824907294
474991718744086
22800941349119880087212325683668031
83502108760774512699
16845
79305319
2280544020729
6220902012
79068703651201982971155285326832226234446875535754
228516692303036671554
24960048300
316447
84192210060876661765688652620920927586496719026
4285010286586684
225600246
14160024901232
2404080000361
36425349832
91317838096126550
1333352340842
7910198815441
855727313257096
29203996942475285188148606
2284
306054081084
6287029166490312679546237294865474
25009
1832040810
6882405523007799752579895802566122196393155
8369808974753815010335266752698
2256002460842256008
6101759418295591900
41652077712498350037001
6327645355514160580962428591714958778093189804
282006963
34052402874586734109399327874235048
93505573307114114370
402119764331868944
4518597377224546036077845
93635893611896711513908796211304879023309
229503716420
2595572908758860689951322579233475258344
14405448607
19226875975997
637462237641290155453070893
20760040807
178668834486508852125383891751711939689497
81263504942176965342
12320496001
39357726372826
1444562
20125216804812000
11569814090052495125353778205052895233581
5663677897693237360706530425218771060489
821588204
13927585381199295150573986336383568890425955130438
6361929264111957030031101343979
14165416804896
30325896007
39453
211030741615022785068
60345861159435274000116
38570311833223
22565488506
2468307356192066386470830
10885280406
5652681436111152230558904127405209213
646499398201813688
1024506
7826636191961235968328239902115412994754906779506
229687181780904954629
91505649732986522687700997
656530291963644603560
480014117350329990089949044364929272619162
948288666879190412602364169
33270454977760291603908240056517
69254128133352925720687728434192030853988727520542
793344318078555697286451923628447
30605400903616
1296540
45187
54740363079715306502183751556204
1204
50538392837821278949853892327259162537995699
20120456708
9608082933007434190324447453
8887919434996286682539764203
807838560117648171772189498212013242378854328303
24325288207
16660399168708456000751226481816584866571813
16229021196539375336
1832047290723
1860068
328746382971170977642651276
5278919530513887343495101
84412139791094926127207122708717335928324557411
1832040090127808
1232525610849456
28805424
1219756
168450
6754556
537308695867883
448453616646999292
12685896003690084
10200688
3032043210963
7720510771767768
1800540810
18920440803684003
18680480104
18685240200
639874985849158484258106709202527158512149458610
817379807677442275007347050210
1476069
14717193917326003915082610433560618126514138823
7728372
2228583
213438277254
730268574791549905918935168946682
6717831991981066553784134341033
650943000959
57708182152155173159123010598473173859620720
2669164755994138249451
1264501
1688019
2678308804924418797662547742587602385459804
939660705657994953797608704305431032142
18600056101256
16845640207242
228
363786528178855464050
377345020245145281583413898362768
228858084072
332619436
2252586420
2640008
82207848612786152036247699554326338727
45806359853291955336058560020
102804804
186000561
78690789932926569069983434238
18396102345128413
1448
10240864
933015440592637923484938690546036705866553
28240240501
14165480703
675888
290179239190275487
2496004830007
3090282829955303247829282781133692927763
8635554097536336349256015900727187751
950200927431970180212925063221
131051001340318017316033726794806
86297337940339885702713
4043730547645950194011
6270085696265787989
31491007226
141654168
24920424903
40846194331578340221293824817687912763480
8267751757656771225818138948436420556763042946091
193204281705180192604027
474354600960095620059802899773461273925973
597386803780839239196167
9962395137793437905217379648757207279956276765738
5988727407834
1215883336093217
2436546420
75520570647
26719294863
412983291288496530481
10409321352410993312962102149121601312408515437729
8235748778200994384803947148860909304493430
41355192
2016007
45485979766915889902199228445321217236461448717
44673573196980219837130048337081084
306054000
189252081048
126852642
1472044
70417799067347563
4411113716610506721297388893802895415410
940408085331830139194307143
4499658612358795682405587628012616656632082656316
2676548070963
90891
87692401559
80422958250975905907
8600869856178397444
9849560537474858099348219541628219833836141598
26440
3785593742886087640281669457
16245608401232
6240957013271621785520079593961919865
601474527310772513879644339045399844933
2612526480
144456246
8192839586622583845605026
13900
24605496003662
283129735297068530405432371897188096511310207378
1444569660
264000168084
18130224114012907100
97218720770
95367221
115424087843276236070
689892197125550
82119935812867650896973137560721221374000821780443
24325840803
355825863
288852966
102450
144858087
427302401386992896907654372281273302309461435329
351427391672189091605959956269833
2224509
58716007973138454380522857326551164157093126
3396852799110032515835471396894857
222619691101315341728437868747
498729430110234172067953332451
39101951386566945089634240
201258486
2464560810
828178943048227809227178547015872306707
1832040090
97914440578
3032589690962
1084020
1296547200364
469181619165
16264250345509633296764187591427717588751016840
5258162845789553057346170989404
475195301
16285856400
1815776748
7654617
5107554532316453863334911752718244304
204450408036
6503552754478862908799797956144
87890606029794381804687203354212314
3687658994475636128916325359522025303
88552601296061365912602420
5741748981226508821688737690022329586136761005
2284506450
9661965703164286963652706085339758338184
2657334784945601063365978462
546586
14160
5213946512
7357041577077766947066389659749664628651646717
243380037517
150865935157
81952
1804082400
484137276425575110660110607696
130689442353267571619975
3957631279364659937459
4702136
1183516396045233271800029306
83161858485238832
3785421815276750294688712481
26125824604
93628547647633300258824080199
53313800388977252
1084027230
120456729
5885352725443126274007546446270987270106482
979628050247287185
8667189432640938374
67219833094000580297520
5888503512535892972652616551
104673698149508168739010862701715139760
21094076522023200411355721
826054546076575466482199244316261553795477824
345608
20440840508
120054249048
3503533421802541119707301866016516771174
301253834752665062780242668358908
48534675807748110157056481
904913103950654761177414982106
81330832295
282408723084885
9682971294364075820
8025273026032
65396800
44514765151302604453152328
90090119748360054354
773956565026773176515070539307620883921214953331
4348702
60305948519446787140512011794704150297
99515528275
1684501650728
186054480048
93551041188465961233093993125328
2648527
50940
1022332553021
1080065
1020068010
70594839868589447204506583903526214248264989533700
868645680344435190562916684895075
62581015828409972
8848003841450884969587
71516970684
4154126096191555704318627681907060698
3000543210
951227390311605724235511426732269813628
10565456
1106099422606228504333700609185772184985
43179086073514020976435532552306214797
553469182272649887
384865817866064582166208440113459299794912
249600483000
525353045966
168852
89244835328054618286356925334469751358
288450
2880542
207600408072
365959096514471690022341478
18920440803684
47451237269196717551549835413220764464530
165606723
4866661327462097398329364540898522442513940
108852885024
168450
52488143800
1735334986
12045672903684001
1448580870009008
5264683
240456
19715013633688601875
764336414682874342199
1264081680
2616544080722
47131858922562447246221232125495067491145409853236
40326175187535031553041
6609840111603868520593817622242284747083119296807
363544509525543163687693944
6867435
2400062490124
507428816315799013033
1236060810608400
246054249
569631284643621269651090720845243438776
5093876244797688517886065768108
97093191
246408480012525
62276
5002160284431395342
1266542553179967196425868863
750030609667464515641281938431818787852
918642288748154697295511298507034508787918828
2820545
97743940677719
12925856
1164041626934419733564103
83514949646332208522007071337378162513940252827528
74666597800350353800044536505581112837892673280
390354877729306518506881621118138289939486453380
6429480424716237070779013369102155748460239815390
10200616
225204723048
5433237782999323833449515601003744233532
421290160679
2980420760077110158561363795286356994270533
9997427803930473178420063918788880041114
5796162691060188
6702256765868
2044028880361
23172757250064072315841260894
16845088502
2040
759399
2464504830723600361
1020061620604
66135
3005403851529224591894
303654402
920475820009163615638
623811
6253542134
266344262110545103524314502452
16800000305
28717
2644509690966
591113505584202119684127376
493137712662018446024899815794220841332067034721
306402642
2404507230
17935212152823368641014542627847706786819557226306
614080384091451467791773925050457588232393741
691738009858764913063280018
183654162012165
434576643744894947109
5554035007339938244
14728
52072177402943718951900104733564150682326235
663536764338195347234354
1804082
9630780944498387912352518148706454453954641879637
105606
28525840
9503372238353008028361378640249347461149512293857
48102791510825899721151636041560645902222395
49673276776583
4881691589735072979360103243480823749994
362987130774
9777216192
120456729036840
7759687645800650750053298998578050908586
306006480012
7216633550372646860592984396989495
2884028040361
303606
68579701636455224273648770693143753928632173
818455571654
951629440507234201445432459096
15408804115784444041770752
8208052902544369226144676808857051743473365890
147252006
14810925070467792488675867202444959944345374
45042022867514512815792019839
28525840200
748384427801581886695990318693366172774640553
2336812511243634969265
24040248309
6187572266949592887768028302
13906745301557504893523236079156376260320
228054483036
123204969036525
7941235398889563300503389
6131270316
9314971974379210054356531598591496
3093763364310123392968839443642665032611932588662
207600480012
55380105184070298
5244842276021220561504
2220547230005
800000868
2012528
288408402048060
7514501213
3230859248292391366001
2432528820722
123258
1264081680
204402
129252
1498952
120321882917554309
2460542400849
3355051799479603263014171605970
18920440803
3118708510785574009123769790836
1020068010
32120761344652607556461450404994
1260007290360000
7506080704490
1282681598996249508
1871628630452353656468903265930824856622146678018
24213353641374191924579
1624504
5759368767624665818095464709754142363362
9489447699830072226139964747410108788022
3064082490729
205634778108771531470513227846559916238
72787
30605
2640001680
31344129331187716576673193248
95374504616534412
303258969096
413283486959839
409304068159539406588154
303252642000
56197463234
1616652105761149
61557104140027219651438957994825
