800
4744991573591052746
643555642460697190816183495271271015509066
324296409691289679529707793
80979
32964513122257298449947
762375317869099
18045096
201258405
4362637551405873407332
340068969420710947691491945
2291617578134048100296010216428632
165836428776717455216885071146
2884021650484800
91824775595824468012026793314762625283410262083027
826885358481452909087261566815149411808951236
5466403836573230306735609775506440635427128568
68076228394777169810278713600878
366671024823253
90629584742551251449404678841463626951
1808527230484800
586542526705457668459689129
2432
349220855368023
30756227041862371556123041839633687347373579
1439347249370789915584094347235473914424
221740498558204
12325816800
31059722575637
43282236795191653
9959082259472741489
89287283282758107388393364389929805
1448524890
1836548
11901491006568016978788923564408561673203262
25267436267634
428211697524808021366910493402223914218653
23250606300959524953
746416091341428630601596029180253519342555673071
687523338859822274705888
24452091541629248888615934651023
847157704040891406408027307737
8350002467329401
1478581
10525208
1126797280201
222000
12504334420081106114302750672214790043120
1296064080363
2686956666348208945038
19246814548711100585540264100174730060
2460003210
9087331308775319442809481772
911553290
70866401725963504286158200702
5496005511720
947846774534458367553
2076060870
126402561
232021260319032781990338061903935842978
600456226165175169728763869981643
6063551855976458331167175726140330004
4565225697971851261568921131361340766791647048
483718832637745349630423967289
888972698370902529759623206221021082171823
38261575652
838018067382324159
28543905059373986287056923847257114828
30645656107
1444506
89039862191461967576692785579
66575311274569478789892954
49007977801988296640468454307218018133237925755552
16525880
222402645084
458974370320340620044455104393736482
628424779258277712406154616
10205448308
108402723000045
56841803631404025051878369083887171631184181
28524487466236033
28006462907394585422145515837122041743119745814355
521607356985
20182313885888585314418781016442092107206831925
677998
51507446647915044944461
2464021620
184759198205621897
2404080
99410228181318324478281796403080080694176
56968083696523131348483545872884117613687
840321301122564222616428
123600483
6418943726143837097477
10520
756410298422253721271967424143190
46408801
612713722523806695371279
11196
18005400908432
59140018767237071894944114110
222054084
144804168
21657688303881880766201
75708732923723702479508803
1200542490485
20760672
15277
1662397591169105742635674150650490
1680000030
6774121206685463066550100708
50583762572782733420889481723288773479
3635563517841493661478287862582501
1260154782680772127223
168450165072
3962226534823315735939840838839147303677774
345847460
106002107
5364729035966106929
53828845941276120727776
879719328251218450247185029590043
684365949
51391817224
48440022709715392609452
68098354367650326511750417
329989930285829665
24589133642018963333116562827234550768
839022203243748129050461222178
131869085130854180275673375321813
18260255483527731140
77654141817983882256748401247770241220
180054720012
562358891449881458618327673895840119504
73577376464497840476202720
598098321005579
27730567600689255955044077053100175
4912862228822774641579596
17790
611203287772605281940348954294129356023
943058114470088153
126858969
30195893220317653797488227290056875746140733657459
553059825286300152902777
20405496606040
233022320527
1264564800
5650431626
18085272
261654
14120400602
871580
297285648604392928864926614973
7590207963798778697
65390450418281
79702080915800
3118506358130288308
5724267173594680
2280
28033923116880640795073880032814592205529067995
249204240012000
8861102379928380
4980480511111
688740790308958800934935998472426205256045021
123
30645
30600016
24040240
1232588070
604947239697
2284
215808728167468
700727193681558910391672271761121288003762
2228044050
887999203948965737
22885248606094567840
1028587
222450246048
288804
481792709773484
420692345102082046979569692377103994195294
47577617989989198
282562105264
419420166188820628420617344869373429361006
300408561096
24640840807
8920130989637
186006
2587358017118425820128502052943001426568950
710323516302197287739133689632171616
3036005
8270116063036891848782499019
16845088502452
249258888
2408581
3656064903538988111755995
24685224
838603599017367
5774081785780036569455860
510657372608158964200775550162004141207
71569476551136276966312170
4028258838246298964745979225013474364
1300292945088712892545
22200640209678
26766497805
902271016956340897841
26165448001294
4796994168693153909944285862640411825463844861804
320126284
7645874545629252115897130232045917922
41857120290592205430840138313456081866041942982198
657255488439231908167022986553020
541408851226784456391968
303606
72747961
83582474921998361406325446942914
243600003
88691985534220273798211625971459116
30485295971130985
264456567
691148326538761
18276161244175440413007527926890683444492598539761
18045
288408402048
93018214136641
105626617583793339401863694425825861856120877
742691666052610138706444004828314
122986246858
4497857402501649717586616334692777192215158832
303204321096
2591161112705904506841117844258336607762
20296543992847761572135
18680488200010565
610891597592
71388856321194184428576949918099
108858402
168000723000
825531550
2884999567589099868544716395
57747884007089435187088612061677905544
2820
126006327
5759212205380128210498086797072620424497726382
18960624903612
3098414158156362496035476
29093627233191988275052664358056014835265992735785
329491060
5702364603024329510432911263276563
16245048600
796484794
258162510555669275368869313477080998255
3387332063923308656696196105179
15897080860797612465472576
2408042430
1121501109497623135742984946251084498
14480480707294561
135846943862247
9054643763
238460083434
2616544080722
26720408704
68127
12542099410506
53804135526387733867097573729832
67482589141238719915357368320540455463505822192447
5306050138542950098772863530461457
85705
22285832404
162832020000801071577314838997610
11109667120212401652348307992199602009
7755944759620463
243600084
26165448001294567
2404782917593382714345082903012761
2076004890362256
3061571751618141818158124339343395
108858483036
45088537553509849589
84482465965465278021
476996339816310613572179904335939511675589631
37934909809775143731319005
1892044890
129606408
168858963024
640364
9242187332
243600723
714381970279291
1204084080
16280464508490
2338788628
9051467854561584608846096
22643405425317602
18925832706
581680137225347291535
45559774087416885545087504288390029840293395971
196115838374
9973911597542016614
197239117046167514208933049515180072932742
162402885048
81574313831137371146153266876089370
2640547
222231413721757514307345210934392755209443
180000162
62579574544684611348498573286770042354889499478924
59362256092525306339828818096794912727148052
165877330
12629317825959
58582914590648268225480044760811044111
6863227948209784044108824
51573001898208079466295246550305124
105606243
16880
300301
3774307556
656748206967582305707800361239409
518948030187612352203820930758547342214797684
288858
755569806076500693337330727782500329316423431
186858081
26445096909
980262663687544344077366677
92805613231848454131583777833688775005176285786371
16202121
5242080634426
858647071315035192873775871
90383166900540168478724924838402734710247032060
896223172011879399015952430779328
203388985845648803316459131470645780831449287633
3494932938365688446
66374432647783023909467442248828381332650005
86464858371894884721527990459130796552652
876836870569115
105204483
8283255453089404030873759
288858
582415299994333100849288
871985209774193343359914417350807940133105
74055429260247642477143143347537362
201204567084360
22845624307226
10200688201
491237692042402708
1260
3756040358437662759573364832232547520464845852864
501004775247165406935943929473250759001387020084
7495486183355321729185486831916273835461
39729269102691646983184697
360931850704854391926083274519331133330812
88844756396858485647
652154187909209964226027
33807523828568272514056
135754969955903512533318881200482664251859
2404500
612107652010311624448039
246054960036
144456246000
1497628514112815090963382530180261940462871
562643850514991
3665387194608466438754162578
14760064
180054009
18595603923192666821814474143623485313339945262337
3004561
17296069493241546779550976498113193480206
20760048001294566
82637
1611036646
183204081060000084
6307377334805519643
168006321012
2016546480
1747561018957563208011075990942951496
90852
3312402409842179829433460837557935785
2852045640
168858243
261654489
272880
3032589690962
2040003
9750459
184308014348445395587996180772670772151187
6864921
24000624901246
618113152863764169
141204006
105204402
3631615224825782955991028568424739109241140
833489981229443278656780560549355323979
6780319390484107964835350
824956662460748727
383168402410243356248
246054969
56281805887696735592085337109817384611849355606949
479424297932752310678347346
16834896332740362833575663322266510449921751965265
27837394595322768854293471149322193457147
6448105337989662898314578608747278367755509857
823679112506210
55570024234874518978703
4409125489961152542138772123
233888178739334
1800008010
81160800478632005131961309213846314392235040
3765162144382661412366077026
12960648
180006489084
108450324
14405
45360435228281570110981897847202011013
421745942781
829493899438385894267014531884638
18320400901278084
2220064
2404563210
855387265744967154291
882489632685854829718
146655047189708618468119844909005585143419
2828049660722
24040248309
1236067200
3774704878625530489
1264081680485
126858
73457863035989
40917706897631431562053790355
572686902642102850906019318060535839
497512420158157040303932598590945362322
300006
24040240202
2005422
12130383368947343355324591339299759783493835260
2849619557799996306455642024322973060
953803909348128585996210861013209
17186039806122
59284201470765605628576516903
1748766235132634
13148238097711537009559892994347
4199560702931038948894681879497592983
240408000036120
300006000
27633600646862855561843
2256164627881850
207606006
66880505778489557161726567090674487267
19921491519476375516940317810
5035958566529
75047295645257723980569803671501067186416803
2915757703736908575399095366473376049281452223
4935577191816949
18680488
144852408036705
867745000069282632194404222188679601658566621
162852966
5212721930522752178140520443345987100865455
2415909160608312355140755195084032690277313817387
2368736203183270041776469
299846181662606995
21612138989002565712660201317367615
83072195305632238399497149
22885240
37777544923
62067717826161268259584537278484386953148643531404
1476545670600000
22885800
2765919612287
6617607922867139314920018281099393
71016719914031137594020292711475126032337692848692
5807945912199918925
19692530
7206002
97478563394335211640190935919442190343
72987485621316123750483365112487359
180804402
68027817746
5429866046019649727581661041199577610596582
62238402628334001527040021015630367
90636451779726639883326176266
286951352291186417610555815743910841050
1560494196120104343352
4159125204791412
11497357913197419619529289297436064319
32725819913458400045459998264427
165
38870221214728
35130147847432643546290579457773126723223558370191
875528033595621643336269808926623324101245110449
73383347743901158544639004
7204104891661563028423276579571737197
54503685237490942277421872247313831461238002977052
22520400
5637834707190715241
26160688
9458978503118439085722322124
3953829488243435481021028175825688266616
374400033640621369
38203669
705437665
638757048688934570751
7505095
7716775725892335746098973305556997647100
919957162430523030471088
7771373418356140851761146697801264247113
29860010996551820410843333857343270261662989
1056006
6953528183559733742418379412776874400085580680
856239794682105596031597054164980111707
55485360703543
398960629169298300329197625
71735827572050909529743595626
19652170989
87441223109262866674079346411598218914
168054
16471556331385124215702172551
76860822791404138569836572480737164355326
2664008202618338247733606722436094018317978745451
319602414716856222433317146262286975515238864454
30605408108
18680
646006110614334451634043
23034462
24960040204848
3872712389582297056042568
12040280109
3022613951508474
26480448005
12965472
22845
63241534325996740
65498929642853073167813603924510570766281332796
416776394210123923663200951777672391995
92870755035
55088441143607709629940179576705927743993371
9633760895389838398086016881759736491241974522089
57810396305341666647
156162005918168065747839149650506667
824198811405034965587535171251036858640
3767494084536151695
12685896
3004505
7294653604931442096822445
24871946587877034884143
1162571793529298886692637420396513272000959060421
3267333614717567
8986020763030494058984944484667678642995112
4147341271937514315710769619509
30325264200
926661
2945971421330761387627180678
10
62943657
30663487086692131509
198480986511637043432191634070041432237153327
2411259489602632006930
67772773098803426096066763797093906046
34595838
162450405048120066
94924083672193204396590686434816
98324206146229200769127249573527530621820
313976764286897745402954
120456000060
16560048
189134981061690084343867554023785
123606081060840
740828187603
20485296007288
144852408
194666587047
1080009630726
26445024
16805464
26711718581680248976348664433705941652927931653228
183258648
4520646230231121
960886727787401695
30194080582464033836310330281010794133
838439255639971515477378983915202545125
950306529350776151740800757225884844
8360427394
84434879388910794264904785624088501751926
13477935838670228659232738695643617498901
3005754690
10285240
6951160559953682663
757698634977587
61485582665237026409518976364161326848563158859
38321017
946531430025831323746404313589366252
358640380974519170723405939185509702014955235102
252482618842075864405927618267314957
12600632
9890570
2852045640483
554850194461746091083455660318299314118812937377
18039985085051410721141668197898
698575198704014606225
2436
132371529561399501465950317540789
3990191978462034635087880227305062791572194961236
162456723000045
3991630593438222947678423626
19776444960866121127930975488035456142
5334246
2400069690
5301070402772250855284398185000
14570058372756349
663347304676769
91558690778754184599265177482
37773689084743422951
1260007
48490276633520593270324052592
24605424008494
183204081060000
85435634430860267545257411987952403916998036548
180858321
7060288126173761813339936545392623124
159540392232912009007749495085453513742039748853
18685872007278081
747333540250017502228616984017998375568641089230
67174826980249938561356309495704947983
707760788208742210432620
44385660920014
2824507260367
59957943338938052514558031410914700804936555233690
912880242894411314799338280350750076890111221623
285606
1630524274011302409299693023314776911763794
20967501587189438836535835990000498302696977
61165436300482950
22800680100
1804509
21332819270760905118316822923252
8980131172752269367423392460918000673974414637
10809642
644642525
8246132542230446180052266
22885800
6614535336570043183860820674896
162804645084900
147252
168892167542277620429551335835558
86289158440567164356124083301821118656370587
180852723048
711239264082794852844444431520444277319062989726
276508113193258937964355
1027473872529501638
279519593425196294313050857461171114054856625863
3000067200
40322383
18920
24080496308442
18424700262945371694719210969317509112030014906
51254
14120400
6479757
543765330560938710778280
4423373424184896812031
822357944213858489208229279898170920127158
191318811436176716263499557598107
5454297023566466587791870998064279108316522
204000
88237199236459428849252603521164229808
2587423692475
20847735375147792559282218681119626012904137
28880
87784345189403755473956006796001564586628
282858
738313106052382546611932507376
22243004528660437
5531001299145743847
525476673837138684700879
49044012842226708
2632387989350329258721066729899
9641134474966244039605575665336212733768074912699
4639010784373285
83043433346535923143787349
970911187983485172839708244
800174615159812
31341625364785025576093567
119042665521524529154403643728444997299995121726
24268016134965860518327255932046601
7092980632921376300928798219761470822086979926929
108852885
814974144377520
1656004860484
141300468632096
40540090411489322181064
162408483
81384
207606087048
3528918225282597511753023181768537660551439560434
6828134173963501
831776333201651407687075
6252408790950666211470021383277102216
558808073016879923074510399666
629945351307436057726997752291078695729
35288525011799311771383296405362373281335318
79166263316160628786976954463707268433
303787904898491309043869172
26765
26720408
1204028
398082649562809569881693334796
938983081431304263813425097490544059363191406
1080009630726608
7344602339665167306795550636293305052
2616544800
60677675495952107678104640561808623985
2312696598547491413940741248277
1953917471488
9228094815313228274609509578865385274259915405
67912526127844292
494087453988335861
28245008
7452664614433235144128561032019
418606178182631479360278633557452389212
900137579597208789071687642390644685660366606327
1497352597480
120858561012
32144453820751510304125362267
282054564000300
96122798395007693234139
2209103
18640232
30554003267846844483511034197385587
138739764486175567199596764359363937
5806417859862523947906136203687
28240
93654500976699399834632911246196629642439021367
186804882
7792050
180852003
2612526480
683295221577044305646570706377849579826
419217710570738468765039899552790
639446192
513745818203045984300962388630917446511554545657
70979050463975053999764879627285670588083455022
966970447430974912182331812572
4933753267517033522487887382563404210315658712
67851448073
4493552830996
316735075
327601201058886756291538381153
22731219759135172023775982
975092389647453028800652031383061929262331876
890053260435
12605
848685700797182772148458425060769711255700869
56526321038386213647336782583544787858353
60665
46936125521650499324136541810208065487766572485585
2444345238982458330736333540
104313056798108280750910209270074858920
5591367115
64102139784811
584559407062
2496067
41105332191773219304009236265267282781724381752
28280496607
6794049446712354514087391609249096329
1836065610
33297287282793
886423
381440876401740684155131258567297005427130630
331447440838419786117350
60761140822205482209434667759567177
20160072009
141204006
2243076875998239861
10443657254357422814452821321906382160808225
48359339349736853049344365030321200331389830
153789492977488371913772161208541493950336109867
75337
73819479294443511039187
979180714193080175281726135052608166488071287765
10709172434926686858053423649
300054
19360934606100
495132182044848688471731854220356431
8715229271912288670700088601480432781
8081684
186456960036
709573307798439197
108054801036000
4303319120306933339435655
7702339630208719239354739112050699521
549912819677217904056638321
539373435301176281851
3734664771645671031923722423280619534560933498
7801726849
9770654679966440567596816
246450483072360
1803511875880895142923458748960501087824056464
2644502400124208
20760600608412
3747417402556728858944581901225
681280
18085832
92673959081747049743814684541216
3064082490729
