20
10200056400000005670000000648000000024300000005670000000648000000024300000005670000000648000000024300000005670000000648000000024300000005670000000648000000024300000005670000000648000000024300000005670000000648000000024300000005670000000648000000024300000005670000000648000000024300000005670000000648000000024300000005670000000648000000024300000005670000000648000000024300000005670000000648000
102000564000000056700000006480000000243000000056700000006480000000243000000056700000006480000000243000000056700000006480000000243000000056700000006480000000243000000056700000006480000000243000000056700000006480000000243000000056700000006480000000243000000056700000006480000000243000000056700000006480000000243000000056700000006480000000243000000056700000006480000000243000000056700000006480000000243000000056700000006480000000243000000056700000006480000000243000000056700000006480000000243000000056700000006480000000243000000056700000006480000000243000000056700000006480000000243000000056700000006480000000243000000056700000006480000000243000000056700000006480000000243000000056700000006480
1020005640000000567000000064800000002430000000567000000064800000002430000000567000000064800000002430000000567000000064800000002430000000567000000064800000002430000000567000000064800000002430000000567000000064800000002430000000567000000064800000002430000000567000000064800000002430000000567000000064800000002430000000567000000064800000002430000000567000000064800000002430000000567000000064800000002430000000567000000064800000002430000000567000000064800000002430000000567000000064800000002430000000567000000064800000002430000000567000000064800000002430000000567000000064800000002430000000567000000064800000002430000000567000000064800000002430000000567000000064800000002430000000567000000064800000002430000000567000000064800000002430000000567000000064800000002430000000567000000064800000002430000000567000000064800000002430000000567000000064800000002430000000567000000064800000002430000000567000085256
10200056400000005670000000648000000024300000005670000000648000000024300000005670000000648000000024300000005670000000648000000024300000005670000000648000000024300000005670000000648000000024300000005670000000648000000024300000005670000000648000000024300000005670000000648000000024300000005670000000648000000024300000005670000000648000000024300000005670000000648000000024300
1020005640000000567000000064800000002430000000567000000064800000002430000000567000000064800000002430000000567000000064800000002430000000567000000064800000002430000000567000000064800000002430000000567000000064800000002430000000567000000064800000002430000000567000000064800000002430000000567000000064800000002430000000567000000064800000002430000000567000000064800000002430000000567000000064800000002430000000567000000064800000002430000000567000000064800000002430000000567000000064800000002430000000567000000064800000002430000000567000000064800000002430000000567000000064800000002430000000567000000064800000002430
1020005640000000567000000064800000002430000000567000000064800000002430000000567000000064800000002430000000567000000064800000002430000000567000000064800000002430000000567000000064800000002430000000567000000064800000002430000000567000000064800000002430000000567000000064800000002430000000567000000064800000002430000000567000000064800000002430000000567000000064800000002430000000567000000064800000002430000000567000
102000564000000056700000006480000000243000000056700000006480000000243000000056700000006480000000243000000056700000006480000000243000000056700000006480000000243000000056700000006480000000243000000056700000006480000000243000000056700000006480000000243000000056700000006480000000243000000056700000006480000000243000000056700000006480000000243000000056700000006480000000243000000056700000006480000000243000000056700000006480000000243000000056700000006480000000243000000056700000006480000000243000000056700000006480000000243000000056700000006480000000243000000056700000006480000000243000000056700000006480000000243000000056700000006480000000243000000056700000006480000000
10200056400000005670000000648000000024300000005670000000648000000024300000005670000000648000000024300000005670000000648000000024300000005670000000648000000024300000005670000000648000000024300000005670000000648000000024300000005670000000648000000024300000005670000000648000000024300000005670000000648000000024300000005670000000648000000024300000005670000000648000000024300000005670000000648000000024300000005670000000648000000024300000005670000000648000000024300000005670000000648000000024300000005670000000648000000024300000005670000000648000000024300000005670000000648000000024300000005670000000648000000024300000005670000000648000000
1020005640000000567000000064800000002430000000567000000064800000002430000000567000000064800000002430000000567000000064800000002430000000567000000064800000002430000000567000000064800000002430000000567000000064800000002430000000567000000064800000002430000000567000000064800000002430000000567000000064800000002430000000567000000064800000002430000000567000000064800000002430000000567000000064800000002430000000567000000064800000002430000000567000000064800000002430000000567000000064800000002430000000567000000064800000002430000000567000000064800000002430000000567000000064800000002430000000567000000064800000002430000000567000000064800000002430000000567000000064800000002430000000567000000064800000002430000000567000000064800000002430000000567000000064800000002430000000567000000064800000002430000000567000000064800000002430000000567000000064800000002430000000567000000064800000002430
1020005640000000567000000064800000002430000000567000000064800000002430000000567000000064800000002430000000567000000064800000002430000000567000000064800000002430000000567000000064800000002430000000567000000064800000002430000000567000000064800000002430000000567000000064800000002430000000567000000064800000002430000000567000000064800000002430000000567000000064800000002430000000567000000064800000002430000000567000000064800000002430000000567000000064800000002430000000567000000064800000002430000000567000000064800000002430000000567000000064800000002430000000567000000064800000002430000000567000000064800000002430000000567000000064800000002430000000567000000064800000002430000000567000000064800000002430000000567000000064800000002
102000564000000056700000006480000000243000000056700000006480000000243000000056700000006480000000243000000056700000006480000000243000000056700000006480000000243000000056700000006480000000243000000056700000006480000000243000000056700000006480000000243000000056700000006480000000243000000056700000006480000000243000000056700000006480000000243000000056700000006480000000243000000056700000006480000000243000000056700000006480000000243000000056700000006480000000243000000056700000006480000000243000000056700000006480000000243000000056700000006480000000243000000056700000006480000000243000000056700000006480000000243000000056700000006480000000243000000056700000006480000000243000000056700000006480000000243000000056700000006480000000243000000056700000006480000000243000000056700000006480000000243000000056700000006480000000243000000056700000006480000000243000000056700000006480000000
102000564000000056700000006480000000243000000056700000006480000000243000000056700000006480000000243000000056700000006480000000243000000056700000006480000000243000000056700000006480000000243000000056700000006480000000243000000056700000006480000000243000000056700000006480000000243000000056700000006480000000243000000056700000006480000000243000000056700000006480000000243000000056700000006480000000243000000056700000006480000000243000000056700000006480000000243000000056700000006480000000243000000056700000006480000000243000000056700000006480000000243000000056700000006480000000243000000056700000006480000000243000000056700000006480000000243000000056700000006480000000243000000056700000006480000000243000000056700000006480000000243000000056700000006480000000243000000056700000006480000000243000000056
10200056400000005670000000648000000024300000005670000000648000000024300000005670000000648000000024300000005670000000648000000024300000005670000000648000000024300000005670000000648000000024300000005670000000648000000024300000005670000000648000000024300000005670000000648000000024300000005670000000648000000024300000005670000000648000000024300000005670000000648000000024300000005670000000648000000024300000005670000000648000000024300000005670000000648000000024300000005670000000648000000024
102000564000000056700000006480000000243000000056700000006480000000243000000056700000006480000000243000000056700000006480000000243000000056700000006480000000243000000056700000006480000000243000000056700000006480000000243000000056700000006480000000243000000056700000006480000000243000000056700000006480000000243000000056700000
1020005640000000567000000064800000002430000000567000000064800000002430000000567000000064800000002430000000567000000064800000002430000000567000000064800000002430000000567000000064800000002
1020005640000000567000000064800000002430000000567000000064800000002430000000567000000064800000002430000000567000000064800000002430000000567000000064800000002430000000567000000064800000002430000000567000000064800000002430000000567000000064800000002430000000567000000064800000002430000000567000000064800000002430000000567000000064800000002430000000567000000064800000002430000000567000000064800000002430000000567000000064800000002430000000567000000064800000002430000000567
1020005640000000567000000064800000002430000000567000000064800000002430000000567000000064800000002430000000567000000064800000002430000000567000000064800000002430000000567000000064800000002430000000567000000064800000002430000000567000000064800000002430000000567000000064800000002430000000567000000064800000002430000000567000000064800000002430000000567000000064800000002430000000567000000064800000002430000000567000000064800000002430000000567000000064800000002430000000567000000064800000002430000000567000000064800000002430000000567000000064800000002430000000567000000064800000002430000000567000000064800000002430000000567000000064800000002430000
10200056400000005670000000648000000024300000005670000000648000000024300000005670000000648000000024300000005670000000648000000024300000005670000000648000000024300000005670000000648000000024300000005670000000648000000024300000005670000000648000000024300
1020005640000000567000000064800000002430000000567000000064800000002430000000567000000064800000002430000000567000000064800000002430000000567000000064800000002430000000567000000064800000002430000000567000000064800000002430000000567000000064800000002430000000567000000064800000002430000000567000000064800000002430000000567000000064800000002430000000567000000064800000002430000000567000000064800000002430000000567000000
1020005640000000567000000064800000002430000000567000000064800000002430000000567000000064800000002430000000567000000064800000002430000000567000000064800000002430000000567000000064800000002430000000567000000064800000002430000000567000000064800000002430000000567000000064800000002430000000567000000064800000002430000000567000000064800000002430000000567000000064800000002430000000567000000064800000002430000000567000000064800000002430000000567000000064800000002430000000567000000064800000002430000000567000000064800000002430
