not secure
5875042894550445210242192608243959742890
77214217301648268
260224578958146629650408732232751313049
9591366988066975525126498589417027903069076516623
77063753707527186917
30683836710473850388002596939107515
3315055686303855129498608522314456503
775187477106385882908
70906541372729753879017325
7682625811384138
862259369298351586872487451172285267091
915166149691953915139912755249213799838429
32829053980108191782347095647652569513
49999972452277414951687730954066305
260994935641932318412142302878658115
13503669513534585
838625700492175155446782
6323167081725986357480416398349652459715975717317
323341326145156873625901431196266579864
7856201520185978734179382847
618597468367710499772557135081276355
67302407769310
652837
64367721464496133431440190759099164438651831707889
533975046419261378
1975093160829907035
4399582806895586449309830254084
7140937082448614086262376740345952242112075460261
9253471094617883343434
551579684183920186452204832543499602
931337596346986711
69685272015155273135616414750
4820233944469300856497054538940803
71419938524940055856562679310058
79811988578156151279194393876873687800
77018442443
2418680126122
83693890636474670675443945259043120006
72668804220682883
33109148213075160248965994002664
15973020501800271815758176933630530843464408311688
6407793558931071
56236175367558950512420223576
5719714799406788979
38704782167134061705378780370805366121
50251182293722977405046840737539
2330648979210902509475362472279052275811
59361279041843771886903
34714004667075306882
14849821302355479689856162165915039806721739102
427360109400138616489630451012784
703728092462895134088487838570484004705690
58935723966943674135544802703544
317139981640544280981
354906987177780302611149177392782964037864051
5225212213230
540791590046
44697783625928637631549194950858503977
455027231287540814526
4933086816309122082041885419428831780455445310
73025581735075038067309688688665160
20212674826341370281433123843276642298503469
52258412217649865812
239058735973685245510743158430900427701122503
680829328557358742192433526825143882
36401304595675422255
84808567615582359830985171309590
191881784078359793723040276
368870173691587894548616090941143148169339435
571898
63035721474334516756163687152162636567804868985590
487368181239861287431855048234079228546690
3958536251143068244903907383046439195836
363703675456592003956406
2774419504412570485543382832832862865825
4924877108868280546818765545787733957377
89408524875342794599101925425595
628735970231395167523835773265221723510
60132570753046475460228
7188002795532218042776187
45478
408800
2503925629
1172691419439198583801425858392385874666748273172
232069619291169008693055348788
5752410599
74895927
345564669444238457650057706148263
62398199876763093
77534171595206948833256008942312036560
18826091813453900035854692376807130629581341
94808114051232041216094057431
1592400994
598453201888539290726669656208445733
6251478503803484449519
784657935251779848
91652440165795360073673524417423253252
380215093549354
2078867163
59552518233849292260648427847069
137235525574752650182605850020765858028335
48215374386621
54139038556535549069581598476685563784901
5579476816745361731414429217043267548655716949
78310431578862442060256661354390385014296
4050139645007625218997
738337721975227471
622639772763785318666836085117227721593405495817
35689298374276404010371643843667599840150588340235
9525635721
6671690152763435
5302976476261588450515798410236356832
5963640496145149216539747063655620678
512193243570200473722481459640331484939
68514494808100651784385771
6113302184847989670647209175546890451265809564
608231721140945062123163843367357155838571
541762570635
39068857918322802767
505302617379670144220
259633139860346809521381645207074978388929799
261844753185098755425
3316498634612249098034281093584234651614
93740441421355685130093708061298940
734499942037183775380538617030288
5265777281
75015233351932742210437515211735598946860140922702
774750824371810163099109706633377883
236977508129535
67091064023645298140351
886119554704681433683
63378978135309671
678431775531059614026531
88348816915494909846911696168873546203176
35847353219700972139234
18765474629025597966
2143557726886910759947436
991621726320635955
1352693561493287871557786550322014387910962062
814687397270676706021352541723149
611271439735322260502254641830416880647732251
602456528702436
69451943498574861470545496584678567
92821422542284914978388779
2214748783576426691539831055726373283549774912
9904936414901437198372020767560210
28400885018138297572119431102038237
7685745063620
90237307085802879524539307091573213320673646921774
4385107822939962914500
3754117893293722304942284003736948796996955904
78625
732195102165847679690668487559313360200027959
47151362615409075015158879754605476320857
5079359252254880886151664947644
8204243640686442582137414010246
328340996578044954186437089301086718929367815
181107430921193
24748122741917148647361951732746071646535036
3253767156969917423356040209
70516897180
834495
78764262
316178655339247687945
38178989744754442673163050632819243402172
8849904641139548689483
68296919440684216137178748622007603990868657
43129691417948
7189752
71835272014734570225199695858798
5136688652669375102439157683342
54165224978143114346382619594253300011543
2918000241658
80318014569926838780686392835517768422020505
3653968839501753365597532487134647307160019014
26575555517892130518913971599
3950133388595135
223947240860254031480899910873149
684772292740081657187375916201198409106342699501
19212905157456838300868546176
98115199470004225443886883114524552
6452153621429077971
62850738543742968209954859110127346535971347084053
5096393986280595844603020
1533831039702884832445317883802618911313
408376951005910824453419
773141539767756300199635914623533541282230269
896883366105550535556604453390985435164778476446
80687892098510855174122827730
612701191068
5400687989633653278397097616
159837200166
3241936505302860
8713048650705497050966939053494025693522821300
4698580053325861405748
53420906511392586425
5972417217844652281156650540230988
8669483987958183653892703276520727737
3303726848135499478283386575446884906812201120
67426045609767
57440500043660057752816653523007
736121744533015578795942882674217199257934845722
7013484161284743794550499618312168209512
825060115782689617285097
8036598878791621585763708297936906544411029
787432569424144197678987685
84103383831282764472853
511723280452
74517485768475838054998292039439499
7444644455327
91647162366692867520844564822642
1018959134203116210250278071779031401683584806176
275038849260332527851264020129
9497248665203715576555
447374533957324708000
15072
263110061
870907108018043
8382669283487974126139867384967087573
468217265802644316206667
271912418101852499977595940847
555751910998849729263225286388616039590381
206690765308884580902781569430599576169
6547994542073980098514486663635338484705678443468
868484560015329509940136124723046602078562
22251785400529698884662
2276952989416164288488
6729427953344902003534115962595
949829995213856845138285862491425544400598
1954408565520645527400
36949887187147
588963210227459482
84292562924756195080828
943725472609282357665510131
17371047961776354325744443958938639249851965
3788689766048370736262788960654311234
987682294407
276087033209899382681302027164602395767251046717
7438749495853519653816106161425023992857911289641
9153614419445183727151
999224345743095
2893313831040
32782225404752010305781361841809386343413677
14857820391876846064758
53820812800531040550682495278248164468
23210082099149034546258290311256272020570772202284
39299237734821
4499515647597589692671291
1078067518630628222414813570457927623
33789059050291780478188710741406898975929
55206032222794856707577264881761758332484
328186699073529689
6351999246866883580216390
555941107232755485467870098
8581261256860854237179949376925078
7245800874296090404275917724568988598244419
2800828304622380779466297158347680031753
417395616164632642453905435183458194910
6128930550220473
139055397475163619648861287181923955425701223292
1789322614
26328668027171123148123915807524177
99437183407425439840033585964870692854
523103861134151117537059620700200495465707346
6400554533468929910940226617600897337351598204728
8501588712641734325642426569793871678623670593
8721864
486382733091246308661426959975831889972682713656
51379223629988864277260666255992100879613037972033
577552833904208966116610935081705
40294613590251172141307
49158599305326884475800228839908404155175764067
9113053100704873409
525339182
902300
320237148719578344477657915046
340024003019105716583895744
52819945888895671740
136665439764221506047856157131276124657766
53629809990787890767053179865212177
547548556
7900977981380304719822
983680491753207669054332935795
4060953347788579328391188
81199550590820414
1364285976573535013751043995450036433599836796079
824103815
44638
8398007661733258083822207603085049555671962775
5790448550316232262412874635
173596123906605360788592029
3549511455526036745321364706644447747279
6827525595032605420552993587951
25262110723871546110741590627
6209696428228885834581357934146
9379822694104006444448434921536474
9647285252727
883695699161343330229217553
856085629101782852634994456404513398244
20370
7479308949167052677801702058752460495052
3909518281541
10491480642287194111224126186104729169253
118678008072552465139216082278385847045673358
8957750260683694946462171
88385458263304721472985927
907515224237872989022572
72977081
45509210125176235
860053
873176561785349226680790978301539829
701765422789684
643822
1286254282407321548800768118796103088146443
206143146674348148935336
82484531186362726862597517397858
566403047435819
5467433877233131969967032174628160142100216533758
72908647425014072829913233367
9531414009610504832508857941117676
2443131797128507435634037830621
579249440
4408295086444049290479390315938787
616403951987732938730762619167267798455
266296299
38900321892016505
88574027112875833916183762406375
968443371248784455001071287842435715988667
756107234175273646025545982721152
4539135126580
1986870
446370504413446
3443555686
223645748309216
9078584747797254266052648294538565338438
381375579064475757031
38927
2963703
691119480591623141
231641221206890891
38770684669
531520773442553976343229572243
29475858085874
920220520475909782
18061285421477080122521176029147151211678304715
898907616518654495
9025379
163491766216999992584405184
529555946141132921
2267611962454
5509303948414681160362629
55001603106772872859321016276852065123573
822047
6225958886643691
1375583855503414980182372501447687416908
56818545
2090544592254963047
67149316010181951979205504951253047917423002983
26337401641532131657412994852881738018335483598
52315613556057843095287540904155544467825
277175
92589
802716095903128391768940613007193210650088
816338675644724731
75475731997958882744697076
5028740161084945418853489917755840
55864139336343472785754731926121114960323039
12792321945987834886438378142336082345555701993
32163598994535033793131615957233724478597617
192482466
32505443709720949
909425396943416640703932483332
4927334057030079363605005944281309
83913760786032
59501408552596
541192423709442941403949
7687918
729826035481427138667233784631
89909997905384681410
69935633
335896304865149727088
39846
6414422145406140746
2576207273434
8058479912
1367898561444
868546454413774572579395023412427561555126514057
95306445430954814296857921824389563784531925
8007209464135064855141462022992800148367
59675268328313763708964944619393
6058352209202309503175206965394249123
872138025
334107825476268873014996
95809996921253253545343901709753828783642653943
774215194448975392
95714
3727490420334905958
880843885
8768122626616989899622272410813429980378055
351593191967221298
516062833530771698
4724639435414837623024360222931086507872030753674
6062257395726449
769024200611635066091806024378586811
51879469175060678399
34818095130199167160392558159247103073448032
4809168403
11915874811863735887981337058629753926868135709564
507463443137735252
8309135895872857085350808061805969815
1222517180168193
8393039629
41231252477447140498840713205278629026600
26532988367149300444
3538238155919234142577429262429845569061577441582
99542154778970604800409741511223770228882006838
889800296060505312532743215601685628408618991
8933074539200320652424599055491750039109
768030563416
345174267277792570
183201718012
9515819142944241464650
897625471693237845
6549616889452251098598385431424641600
737823137176449900857817171
73378923429684771965
73853698447962362595297
32414367483551391011364587
294609156673510
9332218370341356184
647748287767549269826686391
474177731971518844931178566326776822328051643926
730768
41151126890235393813410679806943
759767724166207639611
3264507676379700586650452155391261101038041011
47378318283619990423547036730483
376020332838053763192090
133603794329515110705095622
41969199202072377521107318123
256427845871
5759574990016572234972741268
95700838021
820873108470401924229226113163681386243589440
4217141537207142813701522371161502339
61516
4675189032703309859797692743379051
32442423668661669094124993513957
54451153947864453753962519
3985576573042762
858012
56807188352053476560090903268244532733
9820361132
642536414
2849398027403189992
3762807994227199
510808057
5796845163264678211067320921439433386
3034867613880030733835785687341
35504505905875575260190801424947
898237069868084929871701593609574501772402605249
6990989417771
403249494183323313850100
298172871502742372140
5258244091123748298137
81267120253272907502991031478907635
739899774533433185
91381709118739154927579128
2676076256257135582
1693496331948154588
506879124828142673666176243647132220
9963846874245361037419251007067
70435589823681940832925964583
1726936082966177269435978
39166278
72877
82574751924917757341604326982738
8525276557392457
68965696036752106509
3015507634050996929821444421522403650028
3404152818757710937726451
735336205461283550894760858903773867348
6711603838674566845827016266
5715390899
4237110606310349
845213306872275234
863354414839288700735243611218199026390014287722
445047984616176861861230
1349097948
76170390717906441863206759560571770620359976
20722903201872801731816274352329839
85618676124850058035455066687847252905488
51266760926924579
248418683346055662243097294911378936302222
9556537941097033885585379181906222
43235650
607116476161598793973
342161
640543652312153312476462315461803345905633275
76969864488918441753762114134162
407449388038714
91391
33813405760845540797997926715778313407126150522
2862031601709729897014
6008591006230
66051515824082896404192817560365
5544642291409030107259766
55799
23339705097399810759986604371476364193922
34218712297018257568911837039072285004325598
752996759326236183892494021474963808380314
96409472235676185716964712795851
48890702036159187660104120886902957
10913717132672521528
28469797593639950212068351260244965796241205
260687077251991021362553380301554060857366
748000184678734
20205320914622774718733590764
6486361117
1661457734565420446408228329
1658633
45743899453785678771789204892220291
968400757
41130751
85773382886517833543925856827959852522294493813
4689015597651361825976289
53324831580204113775839531846133637890223602175
78876993602058441903618612445220511469321
5595841932668712527628238089287391437939692691
7553793897107718803814256759477439149031302919
948632
77258119859047612903797
541209837300984
989308946490937324860
2988142133613943583675595982911
2935838653178484553
3748430577330680136373629
398953189764
93296348649490
92053531667669058654286475662386430
392264125960839853
1907620614299151993158575194087076821617
92742843236598275982302798143762655693966460839
736909863166
8319568362456502450
78368216
5804164233649891365993868927220834482998306944032
51845127815090
59728528124289209
7770567378246152863815578987
6661663678681227797449097795843865102789039184296
1874974582309073309689664613953773836882350391808
825204651935468709642830456610162664033232463808
705796317588630585701902442216834748885367485
50339066891518008552495
429469938656768226414366351840852235310
528298267988282115210
797114914220104868748996713168359579071828966349
53393803421763805596
92290
49354679
5867047216537617472862219803
374515942756335356368
33999140618617867279712
5732059037673571404150855575061865272
6779260004732
707859628
76674027
96256289
833214389529550
97372535314296057866960529165847566666020
3750362692
745204775964247743937828111662669741601847644921
90283
