1000
377552803359562164333626980892662332410124
21044951563383347743901158
5463900486204104891661563028
5232765795717371977445036852374909422774218722
831383146123800297705
35734637834707
17152413777
68458978
1311843908572232212482953829
9824343548102102817582
668826661668327440003364062136990282036691605
476654538757048688934570
85180650509574867167757258923357460989733055569976
810074819957162430523030
810886686771373418356140
617611466978012642471139991986001099655
9204108433
48573432702616629893
16595352818355973374
34183794127768744000855806803875623979468210559603
6970541649
1111707924548536070354383529896062916
39830032919762566661735827572050909529743
6626109652170989877441223
192628666740
893464115982189140739560647155633138512421570
272551966860822
240413856983657248073716435532651
740082026183382477336067224360
50183179787454519421960241471685622243331714
36228697551523886445439244454600
21061433445163404310913034462
898528727123895
329705604256810072202261395150847447141
96493532
253432599674099554989296
385307316781360392451
67076628
43279648316
863942101239236632009517776723919
661828707550359450884411436077096299401795
77059277439933718633760895389838398
18601688175973649124197452208934781039630534166664
770561620059181680657478391496505066
889724198811405034965587535171
61036858640553
8674940845361
2695391019456294653604931442
78224459
514871946587877034884143101625717935292
9886692637420396513272000959060421822267333
247175679798602076303049405898
544846676786429951123
4147341271937514315710769619509
76082666193
2945971421330761387627180678
18052943657320663487086
3131509609848098651163704343219
263407004143223715332787414112594896026320069308
87727730988034260960667637
809390604640245958384293684924083672193204
75906864348169698832
306146229200769127249
8352753062182024213976764286
874540295440137089134981061690084343867
64023785441716408281876033
62281094
7658704701047063741671171858168
34897
448664433705941652927931653228
53323520646230231
313860886727
974016956820194080582464033836310
40281010794133538
4843925563997151547737898391520254
225785030652935077615174080
85722588
94458173604273949744348
488910794264904785624088501751926590
57793583867022865
33273869564361749890131200575469029083595
260559953682
7639265769863497758709514855826652370264095189763
5161326848563158859802832101778
753143002583132374640431
689366252258640380
84519170723405939185509702014955235102671
62482618842075864405927618267314957481708890570
684548501944617460
208345566031829931411881293737756080399850
6051410721141668197898494598575198704014
706225069770323715295613995014659503175407892990
2978462034
45087880227305062791572194961
4602565299163
69343
322947678423626380977644496086612112793
1975488035456142104334246266364301070402772250855
9439818500083045
105837275634945256334730467676986815
969077875418459926517748283
8773689084743
3295101916384902766335
159327032405259
2464339754356
54308602675452574119
8952403916998036548413886060288126173
71813339936545392623124405954039223
22009007749495
185453513742039748853343647333540250017502228
269840179983755686410892306585
2748269802499385613563094957049479
458460776078820874221043262057234385660
300143488949957943338938052514558031410914
10804936555233690812880242894411314
4382803507500768901112216234859063
62427401
4024092996
402331477691176379469109675015871894388365358
69900004983026969
8395116543630048295004523861133281
37076090511831682292325287980131172752269
774233924609180006
497441463777000809642651544642525757
5613254223044618
105226606696561453533657004318386082067489640206
870688921675422
8620429551335835558997628915844056
8164356124083301821118656370587223261123926408279
95284444443152044427731
1629897267417650811319325893796435569390027473872
39501638717951959342519629
413050857461171114054
666258634580303223834441165908424700262
55371694719210969317509112030014906041254
31054
85794443765330560938710778280554342
47342418489681203197
3357944213858
992082292798981709201
815807091318811
536176716263499557598107994454297023566466587
287099806427910831652247444878237199
464594288492526
4521164
3980822915874
4692475839108477
4537514779255928221868111962601290413703897778
44518940375547395600679
101564586628286663831310605238
354661193250737696312243004528660437345310012991
67438476442547667383713
7847008794339044012842226708861632387
99350329258721066729899486411344749662440
705575665336212733
7807491269972363901078437328557304
53334653592314378734
7958709111879834851728397082440270017461515
91258521341625364785025576093567019042665521
3452915440364372844499729999
2217266471426801613496586051
42725593204660160929806329213763009287
9219761470822086979926929160927149741443775
1163520413004
96320961430540090411489322181
74220
238420559925289182252825975117530
33181768537660551439560434258281341739635019247
27763332016514076870
685252408790950666211470021383277102
26464588080730
2687992307451039966678529945351307436057726997752
2078695729619
62885250117993
2771383296
153623732813353189486916
3633161606287869769544637072684
4452037879048984913
1438691
328472105562980826495628095698816
433479683898308143130426381342509749054405
46319140630886344602339665167306795550636293
150520076485067767
595952107678104640561808623
95961312696598547491413940741248277220953917471488
9228094815313228274609509578865385274259915405
457912526127
54292233940874539883358613866452664614
53323514412856103201983186061781826314793602786
435574523892125198001375795972087890716876423906
54685660366606327662049735259748011106221444538
1751510304125
7226748486122798395
1076932341396012091031247205540032678468444835
203419738558
37038739764486175567199596764359363
4769480641785986252394790613620368718508365
6009766993998346329112
56196629642439021367124067920500930478583295221
8704430564657070637784957982
37319217710570738468765039899552
89081539446192941374581820304598430096238863091
5465115545456576097905046397505399
86487962728567058808345502266686697044743097
221823318125728139337532
7751703352248788738256340421031565871251157851448
832349
65283099612167350757
72276012010588867562915383811534451273121975913
61720237759825875092389647453028800652031383061
392623318762179005326043511374868570079718
8721484584250607
81125570086994652632103838621364
83367825835447878583532050665836936125521650499
34136541810208065487
76572485585745144434523898245833073
43354068004313056798108280750
20209270074858920411459136711525410213978481
801948455940
162457753110533219177321930400923626
3672827817243817521808579
50494467123545140873916092490963294038223297287
92793709786423
38144087640174068415
61312585672970054271306305423144744083841978611
450750761140822205482209434667759567
871841193
34307687599
33986189004436572543574228144528213219
738216
908225
48359
49349736853049344
750303212003313898
19805378949297748837
237721612085
249395033610986730653375
73819479294443511039187
9879180714193080175281726135052608166488071287
75160070917243492668685805342364933
9920936093460610055739513218204484868847
831854220
456431638771522927191228867070008860148043278
5070816844
52360957330779843919
30653303319120306933339435655986702
49630208719239354739
22050699521
6449912819677217904056638321844393734353011762818
2542734664771645671031923
822423280619534560933498516801726849587706546799
74405675968161269908035118758808
614292345874896050108782405646407495662747
27402556728858944581901
325860581280263668267395908174704974381468454121
29527954824233155244454537711702
40865131502625988958721379638479080
344025909017339
506011993307401324876949848746020480955006473904
92830490351438687196550611807548426121950561342
208947464818534864648152
76952122386730163377602341
73018298752802240854352007893315331638611133218758
552552839350303
36431395437876965752
92636
80715834467646047901
46946144
7812777088269371547
8012598691226814031163705811571
687068702891058165527608078983736694341
72835186285705517859041888505610904805471233
898811
8905770
68385248420
33531834100918420
589349641112996584587417
5293981950421715
2977718788742898592234229589877108266449
295601689660501554370780
627000151461383284696
24232523138612894002469534997201495448598
701076973612730116524279286806015
9796621240
677111009817045695604762806451275561
2706472
6465487211493
51616456700929999897
877660258450518637958683
894831662597454
4974988092696480610084940436081213561503695393
2212705284613334470229636444710076880585682
3709410369038393017
225451665689505452482
276005958793343587988049033895830381766097803
21299626618925437204816756911315436194196343
36443906579858219117914708968752088198168864739441
885903612149191186487312430515803025975788723990
165664722118905989644389424079312584388
2472206524558833249162454
7101989714157746126150271398852597052196414
19026125386439883544596
329322148663962130033488497319427694
584275404365817948124477729610
9790659892783074364450323675397849718614496
406782524397377690545602855022416394324
95969706136170
83529324179778647
571486139751705291493205
48772230741453865608462140734747869864438398685
54030938350132649342453072156646
32403721848002084806408476711151143636145686120888
63476
475012994598917602209213115843202612047
9475259884699967
401008562880536351385802726486
343777049200315515732
45028056775616851827551520058115072012
68692081424371162246427191
77310215119283151356872818206956076106638700279135
758254622249345210793100185456480409392179
1343974602512699577202211611851358975
15205
731776634699301449388906049919493816
99224553238
318858803378770948557313394899341
24076801712952872934952153929471221653763948752
813731836774737407585778874259890398990588281694
456989929269739174207070486981
63795924761868740455607512711073313450796
50515819996886096904487561171155191458654942474143
3791549627099913676224085167207646673174
3891679484159886210
8804454308469092938162391137
303574883912946631029485553205840
39729906105944196610283882674883583644
8745716437595962582312640848158
63783708144587074300131651070160166561
852765571813125454266587923684667239901573212948
5623773692619836012407684973194
628277078174948568246910483587504413680320662232
417051880446041826296430769092
47291694760738512488357244
90604331120148000514
2819165684106849516021772624051062854977672949713
493160
91385018739
92810850309137657144031455432010969072759709162
278667131307913854315
63290549846127044930132939478217
903143037457682086215397104
423681684422954817071679475527217392172
80949146938440777016834945869
881926527473142436473550588453839772371532
65721111
83598826984609
7583573395299245953443886978180319385259449
6799036853342014991186194217804
8534264431594915193
59542400706240297724453644739304143552869221
3158676383898522
5926900604137862870520699
527217747212642595123425548822624452943
215382102173359732699538037692925690028455806954
379136211224242464550231047488000574268914121
392553005508603344
46548
797710374946960586110259465909
948506601
23728
792464811292163966
20367759460727685083276698869489020813615955909738
67767435148728637
809611126698117859715946626763954468369764544
268234723818423228
675151655857772338320
9141979907010146436514154213545091309936474
83170726763366532404329411067
1410794467195923930426296911851
33452357022131376150404611869541946539441647456571
9696069755124066661515837962185865586491
592447
781157042062090104039240
153170308564661389208614338487750699
1701494
9339698518472132205926983385194005138412443037
83760005808580688326239681428
7591264508641798625701084799673159824295173832243
740550303989
2916678024946810245130908183414
79092697624160763449039941799772223218024420
5110703064497803884594859554534041176300671100
15249443354378805
198538880407821426914733420721826932564609
87820616
30452582547442
32861903127553131297
9582087665813067311062440242393618
546561180763736098412242856
6382872677147972095314902734265963993
334419381127378970
68726988392294244034561773871181329811726631323103
975965645
8088813579546032920167637305099701772
49664221927613
44427620613160317908338400608328826661442838
7282529504639777893383019768964011592544
2973259482297343752
79018390265700924215265350
60915416038419
967567513831269302339680301794
6878068319999759974465845616
2944214600466740102001714283650239
1263179780249573240025776150618685877120
8639484604100011525240807505996879875882279900
233956734252716425619827799683
534766160838
8810740321865135779001158332940747344277644724783
64615185879
24778972572
5475127093897436784606
69294846297710442751
4941898565010047241187495945008394
6365518523895112685199655075751928517234921256720
80716127367683685
584097475241134359958209188842552
68785611544020040646484
15479722254129047130350314196332189
9995025
57580701
13172482419452
46453262025579924591381482
59672080458081937242710916729230858241517696664444
26264212721
4065183181701127170856649819697
992389353004481832
15029646078511253775
38546110514821681170784
4344053190931384
9563877178980955035570658
27488756620705456328001311980246048
3440794554715031303711081
98616292316290151009961240386242
315316139216539
98828475249217809267469346587902708810403
71176208387469437466018787033072888775937
619632435148141814295223197537456886892564882
20937193951578576563398649160
10171824632509657201620
9117276163
1569569339957409492329511578419
76909648382
743940352
8770354822135786867372907393687075368832520
44217188630732387421090869936314932
36585446346400762490202738446562127
3017770840125317503496432433143441787631422947
379049682536
94042472067866538829491
514019502932598341133
96465626515389702639965428
15370731961377694114388
689725
600948946811636766494
2268498349768635167325184099860384
1222313753161576309173677022670180470018063261140
4257387817115640717669432086427355
67969637612831989587709489636811273327295179
97201
133699131431028718723174086867
855147
95881646684766991879822726782815578782646785
206452507835453813073067533851
5923704365364957991756717340829145832593
8234154059784818981964
87901046000671
64433402031255365839
9491433928162950561301407588589395565
68769048485302822619941250729710770246747103
1881150590409903892073503243670837
779950273609078677436969300609595172061241789823
76472506571950724
577582877
413605412982736812092330544283187685382648
6237524435055425713515676343625448
272795671518193407443414811280502
857074909660136
51884920571755970242380
40805311540956353735952667654938735932608901
5634472000664695766662899471199197925717960615
6726886816300772902730730939697375265218222261576
9950423906015474545
83967002412923713608535303452850575869738595
7504685977930813296
315797668
77408905208407395071579212
75334720624899457626
75241602495686415073821
4618765988987584146544257384523611560582719
8252673606334110942101472
6824523027842
90103112015
4404674804333649974566782492862837381
385088720095
60023611191012605187064398294802
2940924738364108980702
540383
88529193
16125152754869098020414066166876069716166401511
6238245022958530918418439
639207397402309518369004440276548990
38769325576170127072998717235106532734
281801336004493903663909457154
4081479082029533
475596077053036958566249322863804357668519896350
58704958604571355038122857
15385900215119088378501186
2105986697042612187692034473772462834288259
3508975408590261600686429623409116
1777946096113221774168528429746025
3495755427982666229965225988326844949
48229702951060523483971559737729488891752096705417
75416238937812686592125286252
18979
40063222709850524113866370231932388249560535929759
580461401666409390448167372592940494079
5017920865583006395113263708
762419779330396096460168221236420169017136434581
6123132335827990854817569943257957499219692029347
9822458474194552558816435521040582349609324
596737697073864088384824828327
73396416808304794646329976
607934757111576700
849970682711147468898066
13255148249740443460030
64100
151688496132699910227679934
2086128533141695272560
7903134204
36759447066060321575
6321217508181
44323052632075
4599052530757
12538898964038714905103197
8626891031965280793104910501145789124
86939508510442148819998077650366306
27358063396493884069686
274492938527199756272216558743559551640496003
31064126714678316164441133296268
205189883831250240
9457886591973093585232865816161999102621
46246683775210062586618
841641950340322306282648153515490022177
124157448
341072726
3468979237767975475204284456642240
7257328746495135271437503157904014842251771053203
30730853803
805797345146174512495607966870655690342031738520
75792200641
28518984549238963583185078374350522099843
693904450258109600970670192366759201930264737771
76341933403318530021396072830040300
7437200085195776
815342009834993555749787386518
32263396
433707941387199659373991940475340
719190681875541909106618731283214823
435598857029319951498203448192057917582
9300360602160682900137887817
600008254090523947656948315755749630679366
19661497
656494424
270012
2219233622123518641262341758857898772249334428
486302925493421056969383137810094792720
5163365266938555536645719688200
64760187844934427942529834
217318723313356
600983518997864474768849660140498
71891706074882667312615121437408104440450
3932039694841071924
81688091826085
6543627123354381555624100764585807853741
896376626631804431531596845760075
840993304
687150069474425986329308987647111129703
3060874076738002930063057
57361
338893081
190935371834473476943286320352139
7084929047802090732066
328687759651413365116306096443927
49430590632697530757170919643346730304769335
1027585074290
3959441923895752420368824304507706544713
671207097916989035752898063717698570038897
9039452588871646038855900480384595101383704739
4769492161622734374672265160297013
924384202108542883541852104785457006242
369550816972
7647262248765177113435392825
652927347146
860420
1688874963121895435098805534191178571179454287
4592348785359434845
565424325952730816004413091448450257
80995
959337300187320598118
4013005491787891882221006039020691536
3273797824795680164142598346
8546524187584901271440797368495846
4739909574426238069236402579549116885
79628274167928662509289818584301
7995492592795690292856470328457298417318620556882
77313706014602315
635462255969304001811464776
171596265401
34570317400234248663857233952
119012440260592440052228357642329140
8205988397996505539671473701918686267
622164466885986243186102397222517807466423851076
77620459837352210625058
58698059011958252068122189758
27048467288408412
45448137973959562344895896587108206280597892065
1376401566892953839149557295131148419265552163
461782
66844480
518577945881044266538420391063
80515972208649655874084245979144855
186462
43694
35285424844845499920134454147692993735
9729002952320122501045575919578
318202871438519295607379688598
9369645173307534453001671507740835598654
6710598128969
284326364942919939092302624572302772754831
88601276315255153902306010876454869046718503386294
87547933280020827746732977701984147278226318265091
890407026026
3542813101348272
32901851245674182168436619158
7283434870736522502
6080862
9141383227718805191
79283001734193347665787240894924
474927919402995167
212914310783200068404033304060996428
6228399058646298174509686192967858227928323634348
3698596366364322783626797614
125468774462640308489379659082451318346
3894969478972845884292372121671032521
944107614625176373427023826458837823383
3438984747708398293957
3310668975294174382627462917739
81261996806372611484998397250236600907093001959
1550381
99836284119969294153999395749622799624
4210541511567231064450197909058567482504986415
8444774867482444674293153486
510518190977240639092348545926621766
379340173860124307299384158861115513206575746
8303017930743421960629517
253929869260759
24748434147006643177262667099
28205310482010235509155
8729317006342293307145055295823447564331281948543
37790081785152040012103195
947239870179933661697986738150323
8860712880451436571048679036384519585127
9743145461077548832705
58177501096867708161324388448194363
512191566447038609
7232659306861204
90438996459998155644186
69670759237929375997227604440918
912876093262425574357668
947805484443989194226963123285
3870676406984361508
40796439545360527566838308337183960201491
8869485
483985757536388925077709079669246795
484542383279352716117648768216424700615184448669
4208760075504714635
26287
81871383176754
49072985862331210415922793919600582768316244311996
45193672468396529593032717214903817249568650005500
8310800006245397803829021
929014587634274228250149406108704470876921
5997069161162235017593004242826486
954201356815167230982732627580176
722604521943775869725
29663647212544814
5947355272649564307720723321676982722970860994
3554192913755757154
35147591820418943211644772398167477897987706989
6913733520980601054842
8126507014304686101799661099523
982306528830565659291363815239068305849186272
6766707702542548260807400137043833
32250139746613991297378050189817765711949241379
32130
725007
433994435409833046168
640950386573276176824663056653405
43273894138746435959
71735908303743636746077590
46193662910005105445759712440738249262326163005962
285704271761900197874007835835070260265170805177
9606962400085242
58354085803496402069714935242635556892
39942669124457841037264828610804637380306132291931
20804610
2220917983357757973093415279221949536722801
804716362923094262
943276976530092072889902888031580538761501371071
7131935515532353508683059842597
31813394
14117724300293548896068889060272305710804
988923224954906609
866891606749613206245801864807372470794109233535
6110516080003
9741241486283432507211429119951663270964
89574777050564982
35292102432582674602804668109047196
499192545372104506365784892414486
65670867815909
7480233046300462877126968783553160206297516456181
797296813564
1116824545215097739249753715741063372876
624633812682639869863849273062161446232485
51222130389485376377573675506919050947
1622073023146961755
98330321800
3176628195336109240884
2881620411
5042403859150576
8033503384731317356
382935703468706901415858934369102422632
471377292173453501867534019476976289474627825698
72671450336010848646
4808341
3986510
5369721074034549
872073939949099134436217738975648360975354
2095769905938754654488338337469995445391102254
52564696062030143151962426415823305
8366889174117090268
9796229222079127675179
922977663522983943974268612549797470911262080184
555178077180255542101396641874696270
82116886429726950516869340749630716747850
87283338501075034488341351969218584003
2091695877
8250523565884
673940668639246446790575853690713
68318772476458691598358522
379428105340031154096
69436323735258846793306848295156
35847980449611024826201556412452081
7228440960810
153066399610185956
366194232768362607075409807074617858098173299
6204981878157170765615549271347614
96149
55568555840172965673567862151
67948298218397775951009472437
80195107909171284672931105849300340964195208
579650728301947852421485534659201579
352626527233429951429008943834152783726318
126089604491585435489591787859420860493369
7729225527846920591929
713418563235719545807350
387347433099668539226296549132270305
658609
722088952833040443875660
693649865064050037860
574270946789619179599910450113092735045861
7356591
9504640743
97285952938499015216514155268032088627
410247700324795759571635767
87760578672493336336268326016486549200922
21502958307
93545172810
6748424220
9161839900716856683129828357320917
496756
6781647368357973151
474464915512024732345006259
28817011657220
3964621797531584554552490719113
423324485155832215366264103444489
149581408473356775745491713874520679
224054803178343919745915639224359995239794937
74111225755868287986870968352515948
454295386586221803852461
42066535062192344
21706831743448328849704722265
12080298
9916645673593857817739334
5314316884131245021034047132
932743738859723530237514576756106
33373073934258869593
424559838737912
36337643096824005600658
3745117015
66656430783299337047580134
226556039309
6125088798592197581562244
644237328
58295329346484378366015195270618613612
423328977884508857768088590977306
747850983129675478677454030934213083627824
1189590561645390
539282701792896126403
2681804553
62475509591103653090975430002319123116372099809267
28158538407454109029703799870685634607125316
962631785668968682071923448734319068
27027565642754020556196525849793889984249487481
49379807854
9737031684691090010863223122222285962003248
596871225020864829079200344
32181184827267813160818480418211222170910589476
398759132147481452
7367494551210436593719011407751
84129212548967595924008801
270242186951142157157222993
44520169279395643243884288638809
481523521
488450642784191209784529139093718515687
644939232964318248062240442879017
9532960508768893675200086300272215312574909
895083466800388790272575724531065
5920378253777599794383357361
787504662
9337767794
8889464439185104481944553
84187
2486943856574544253443347937734514
2280573
74405179936136319437660
31701286592167376856
1543676559978432564394550118101786403858510
774948872617240483912520074113475876458002824
711096825432266916681593255136
11765603535142050652189799064459912653
3489933325083370758466452170925539634897874
31871111628239195959
742124648023502077744136461226891823338619
6524638471358378188560423483705119811577
8080357551551437747877682602
15854238850311551486073
35393987756939841
78398708875663390136385855797442057
46880484441
957117787452518402900190932579268
3796371716332400289043728913112
9626685989674001516504
86174606910701024924930950460155429987647139
673769127417
39533
896548901077158524610
85599352850314161644730
7604122551601
805373685
32991273128741258051217087353508971203094909
2659107055149456
21405054183609482584633695596
803436571
4370276874235887622047431109176925768
9891978432259717460818821299205650468422861567
61506344636208742190312805819721
8934573165398299
8641092781822719054320024810
326515348418430758397466
457140991076230
799480556
56838584972319287622809
1133619633
7384594473084829023478
13683506535629523469125927691890954
919547
64740673112824773276022474726281470773510012525475
61185154720180487766859465796153133
814712750903702580028305603545
80161102306974774872481466394381391627916
13851573090
640589407622725
982925145169
254909386139598669480201170878143352342
1340662522377037811639
68214064777759906620053617648868334450
89116372733744171794985269536192096281620
499647872672804083518714
4249961990895
618756990969750236240046400319863
75739833
12253526077
544296510803161216565207234
1281908
88988416799941030425276266385
510983403664705187749636
985913362863413519805229221585356400123616548
9376870
52048873885493680873198456301400757570225657297
61788704529
9506308975186668102704170531808
54562088904
2589796620181196421720926555608706392580
29938646755442755575915998031311110570252011935
595716912905324727012329293923074
928313147276495164499274813322026826241
909336594414967124259
86720679977564758268112236657243
268041698932276948757730530576623876
9052336733487537113371111471717848566703051771118
86308253108103958
8261589771677525759535420306576520297510700828005
471652759455333578280707097719
2638529222178557273157136456885859297774031988
67852238714268991373186911021485730
578942527073874882554510046
79213384429474299336880563323574390719496376
9008327
634335035693555392450306
1770876182424557716137129943
282174962029914846716765870198768118039
14646565125166436
6648532021882
4456957
1457258997
222424170163584910440169768905785518065
35170315013
457386860342139339647616784673494869910222542887
9323834509962663022255216398846059764062
516781669454891
89576576635438577
85575437422816777196177758311323928857704713989
9738784309295286378500143
3084121439330
773473684353758620280791124192195
841774655904
5034116738580101326107706313
53208646094143400222759342356078529601716572645667
961785125108846766041469194657669892900
49779333022706795552062226141537687746
43078369732853531
1977171301798097607314256042
2149115396514995104168499727404925529519412560
540787998090943877387702936401713142293523950
8021254117962748048989113527706048171401656
601509194222115565147020254503936745838
39934107739252733257659246
615004325900122045793953959857
24039010863881506709405158316193782773570
41458875431373506993277207590039197329357
7989767246349510842
90058132101054602653597134
71082078607299978366
24200364564075853450667284467504274055
138591087914795806567967645580509298675405138636
9648211858263425898
761152427500469722
8202691689
54099289872065152445904171562362511260488807
3728668059351372543116102843982229123384575387
7401677116092
9126561308282939611178
969344502014026228864
39023070668
316515080761289957384
1599377155374099976
1445466591623196193463862830233903969689322
4011301797045936242272009891637855686674
6690076882058308286551
3612587869277386146669636923
804184799624332368208
20109910768916804918423249162757109995
9842111223982924759978275043382911104898802335
1940150018524121366243530114878865985
832918154662172
752475936899420942
2328708283195759
204861160870266932884530652288230
740225159764267860099716990453280
9697109990693544998570404935343
1064644557
205416836973
865929
1896507276114001466419180630332574363214366752
587269320062
51469508559969482449965704921
78023806971477234959
2880665676828334922157108082138329603711
5726028134411719
