1000
7171586170679058921134516205680502461728231893373
4903055329144474031066896241764498227
2824080840
1660133325500
24920424
57609632268050465635874131668754
3696919513973064123802822504
864910589
300852324084060
391300494259483679203237594830570688487
38361393
173638842588294800
42766351986746565611145296646728194662166331485580
3431690011737291005244732520378776601877081380
418665813913382777685
909769137823246
662421286691325183818759325491256105135797
8694087290338579330837
126450801
868319080460574556389967849833677218720528191266
69623930398379739914109854943244114870996
834880306359079450
733932635354841750
777568698764002092026766808225
18913775633629015703645
288852246
20760040807226
70046161
1296547200
747426
31523136445386834827753842393271515
120450483012
147654
1620003
2404024020242
82373128727850264321434
30640264204816
634483374648
4039662167820429946966375735524073599537920704346
6979435681774414194474377
6209274419698125089100171660749463897832633295
48354964402386
595044508317042966531965646207972643936
2432528820722
285252885
748911001160494625945296816667288716893
24040240202
25597410027207859339
62655502020345646
162450486000
5119314150358144082364364
82328
4388535075
315884439879006233307955013384887345119512
343851088321
3588709
43722966522469005
140987021680540945552753
727525366147542
189252
1896062490361
81003633003441315821284315254746066855698277137493
936056750035131524241
8995858297869289942453716912568118847624491
20120456708436008
795787870882342588163409625881338189814079582503
28382143568217731944155804
8505720944
10805416
791862367492831946709705
16845016507
204408405084
186456240
958946352518
108804
6216703278249127851633533078545
32552497786946403229974867684042632
20480464807
30
1080548820
2048529600728
108032459837437477024367294635793893515438
28845040
19874393612852785387973
162450405
73807669841376002439166
243258480084
500888671466052416604443268
300456882
14
30045688200
71791534281005898375994529729256869825
45572367621951027550747870802289763977120767602
416631834605660962612238371
814514607748609
4464783818168230144798705
38089338474271202887649845225512809330122418799
24960
120
98797963497152769034786034195544280346471
738035371820126288170026096411549197082
29381419209540295213305855870814413544791524307469
98256789933122880113055
5711268459185077303046301
7665156206240421943200382967683184962719
18040896907
996738131846482449
201600
16240848
1080009630726608
3734164058
316187822158077991938149579550795599
1235593
2215436089913820315109034
605063860197906262
15371937
441830143
610181668941798509
825266001914254989515718110374
3711158080083512290992489461761768750167978
183204009012
404602561323657927282855190533625733218
693060000
4661256028094204149374680430272982771791017
22240264
5850706964592743949457142194150107066928838616589
73759796
162450405048120066
129252969012
38775048713694675829820579446733855836603069877
55254377273865279997319
186858000012
24645048307236
26445024903
29907367233
292247092269190891066716543
8707165680768642663310217651582
705165281141434955040008681442698177
40630340743
2607998457510628041309501634331173923674852
514763
144006
14445624600
4519769142281586179118452753819276710
617496389469397530345
165600486048480
8719172405
5332962801347288122791920044310084107005363
12085224305
550177178225357
74471942840196952409
12360040209
522187081592503196189692865570118935
16560672
2820062
54159409388802631
147252087
6755151498115683370518507315534
2148507341516397902715
58393147888942675939787183486565479379041114986099
3068044830487056064
864588993513440439711728374582
95778294788498543552700539254095
3380560491450377187816990136035945468068769619416
63006694140088779897232785156034369934232800182322
6107984183981612569037421867426853228048730
300804084024
16525888203636
315049120114910675692380587324249064441
399001774749
5586817146
2284023240
14120400602
1024086420
45284590236162589464221034512609980827422251478751
52560615880073059180855526131939150263142842
4399353007653750852715096544695880088045750646545
288804645
989664991984538024
9703003422150714359520788945496295186009374386
3897424070901004649514012534583560906236614
16064614057879019
311702833694660705444067470666189612545929085
615415915976322013955644142296938
186006807036
961828312512716670694415833386286880954
842435198135061962653611646729780671918188
12680432
74449991482607378348103997344899209
83010765640605719811806193909191690636832322
1052520030120
2814563138731349550045
225258642072105
20778457197904867073
222408243
1232581
1619398199390112432106269679108474233052623
16665667
153310176605800035428830530281
64074424463393
66727086236284621240247396
7949331975159797474
7243669909133
29689541676350940
12080464209
173320896926426528755794621200338433
145585669061332410636572862005407
2080882918446902935207915
14248019957196581878
126289700380071244
186006168048
97259348555319189
57832825095334026338358354027106
23366394835962728721352730265630152677728
30605408108
85054906286449113585214563923053839017032
60618472528678921
240959545888529546419608455
17635073433189219369681640616972633520661
737103016218832312540058076558211764858438
4141029382744907946105472301095072
8810132925846501837233479330203949733494301820
384451513
3813763581852846462467004857568461573919603251
8190708565050761702431
8155005646098358145165626341
114565033635765501250909
14373182008138095729018244303692597782
16560600309
208483293898177
180006480
12575721814170619
386162963043871249607103500423037658503523225
554166107866483185254011285997878962792
8109850920736642978
2496004
275430324796673852727930259302947382821
653069983956024736
64933869504932145
108402723000045
2648583270
95196655130700064091235344650674643
3004568010483
1208522
189654561036
14720440
228006801
2820006
45589985117415922015622723609742059478711988
4683108305079994965298152262
3815746431854868209692141364606204237151510
235713716493357673043593299
511611209
201252888
18600680
41081906603383642637
87511075516714507080307
75456600992565528502
163358843223097633118268650
459065184
693656814481
4515280659924175477550579650064547
5267335
1292529
322004662
3593071
32041
73851571012
38178967408515265263839337076876386702428
49820068669511279142317
16965390110883848324617353
43320
134685829930154705830628240768776341980
14405448
589294
143124966982449604
775026569894531673401067
9129258
59189059352509455154216340775447734
32730286093032446557518374661971284
2048529690
30320432109
180852723048
5740782102914180367721730201971148051035
13692400636293299158705338429203513238235095
249654
9935663743736980258445356732113841862227
361728919325830703624885858026560207994803716480
2436007
470521502711667353349972561480
262372366267239831203139958614166119531330
9103149403739
3032589600
6491192699390960712709336271940838991
121013904391462688864574602054283479
270337186875916403704095391232990431577921492300
83519527803182611968
205349115073808555275286516673
13983389815413
96722
2852521650004656
21313948568689558
1232049690
35565521147103872043175670
4553797769
1855237637610531658513901810
29392753023988976842028571649267096
22200
27579
6160495999986621112110220885340
18680416205
35991
9484914037951580285017086
28470422024824396707006201015480
204858
51471174
12218763254867891031838443516136060926524
9383041910278405174117286105931684781
282408003
1084020
90036663486
6744285555569978192941565399210
48361251789561105123
805538276872213576571683
495631161
17819277173289442946327264635152126717506627
10200616206046
623256728801985106178946313901
4763493953071812523804755
73208605461796063595968480
393442851505408035216289219617464935198070
84942082268785187476418643
19249492964725179132
46432091518728078835300938859589819745380714073238
6624410069823558
204456087
589637680983181666267312
353725040648680
5049025400865353963690586499333562534838285339167
9220413
2288048040369008
4323555363706560280789
45907317822479306256755335
281926353889619266919248789
12960016201
102054402012
556328052146
288408483
40438446492374
3821098616438081765604
718384325287337868702827774373
893225056467
69113564063619857721716050421
129654
1954068497566990846405385335093727466025073
6222608967084842781862274748978917191596750675890
189204480
1656060030963
902367551852621850378724444
551757314158924498236124881637115155949375372169
246456000
62650758
11652266360125627002455817864900557702144270005
13915335
26165448903
641682744658
6307636231955862044310998682986183250244837089787
1236060810608
3643710483384966
20485224903654
267204006084
5896685661509104704441092340509752369908023115161
81289925510
56789
10840208401232
5491407398956026012896
1762177648464578873561674039830995
66092963441862813096856175184572818298431
5704692712789941636682704422043
8247194163004517249100415165256
6635957530431003109366790532044565409205
14725272606072
48690037451196554187514129103652673
84198710996975788352328274593525673503427030
165252
383863
1624084830
318091757784178568955075122173
313793412038442989
36899325
61997607049614144342477
381919236515460806
120
60131430906322935255292627974846683
55614
2256541650
228804804036900
26765480709632
39939932208723928
81193682199709381008514791681
16245048600046562
18438890621204097494033368184992705
18605448
607068139039850
597734594185709809195939160125292182594
4870953419094322575223947069220954633926422135834
126000009084
97219090024413012158536845733
479759453315781563122799281785296733877
5325707667453
59492329580285327905971197046397342
14725832
18358
616349470398486619491263383236364351539982
282000645
183600963048165
3971480276596109
76525602566240079898
237542632499
2787106225955864470379409228363981130505478507038
6073390767027
2496060000
168408882072
87119882376
2228520870
3070462347599569029482082
10280480
93381266149658640853856
5770934
40856329529703200372511840451629956063114323483090
16245672300
759923905797295741351427389140892565
303606
2400069690720
10280
186348673610097
2640001
3913934817629181
189204480
99201984971421332
1680000840128
709945061378985
704822900578135
55023210337773747053073635207643197394180584434294
2464021620
14400056
3060540000
47753202684857512823351435
732540578526058180818457848816596005439155318614
309801225531061231047589726972518422691210
12005424904858560
995208749300151497971665411251708
179005556212766806706591887653
72592715828497953042107067341285389702
65285790727597902683394662440513827910748596458669
455134313776373489914212356201757320500119
186
290259895917584743877850348728190149695
24960040204848002
65663412315751736667491624
1292529690127200
823005710053724531164289382646559357939787138440
31137574508307
83483162478860948987220761681694579631963
1472527
772092333096077541246268134
17018759941770073557538963478
886203131970225280426225049
533984409
2076004080
3032582400120
69580096016899355895440
28245008704
24600032105
22892180456641753788201660
72690347596
6244264077502
1412586
50544606240756552583
3911324428938959802162209956938583403
126402561012
92263271646798532408543793955592821940354064
18640864
61195169977110043874515815203460253148
1268589690
900552876988
14445
7766930845757061884195450405517283295
119430448374489687935490
264000168
282
56468821081404144457288890
1014972095878166447002164
2256002460842256008
2676231222629911730328713531354433349
24645608
16525888203636006
189258327060
9799638128554811899463472655700760424
37996915
5011031118366900699940830854026
246852
33084177125362553058214156307304
14440
6469003630018850551
1639531115935774510781262750
82167458393
844510403570001840331501391234619068332
306450
933522780812185501906302064
57621868290995359987156509333949521
261258246048
96232
170611036125147071610053
520104180036826984050418975218026
613375827303025857894
8530473838056051952182657700877661523151
12600000
180858
8269448147249772615581992404
1476545
46959037304559973019
34981290210296640981
3036061620
2404024
2918759092289707828281885438239800460822
1687606438001903508371905116649374
876858593022765870308304953793154689302060
1856013479980577803353133901863931314
16805
2467277184749455515958760604
2257966495364824905346136302
444016096159701905804552109338158068766
1035550239531791468338261501100131405266869806743
28885678
43723005047003415673977149932015288657099367357171
30000600905
1200549600
88340594949263318482348820579
9716240
69190285045858059634165055875206072093120461663466
288456723
261204
1808044020
62919142638782402934
3004085610968400
45706858386
61469231665771160284295773319756763353732
207606006084120084
24365464200
746048347530837636340
24201516737990951
489251401131288018343921400452
477861599468
278855297919779393691310169434097314883965
91230324702121127087
23007715480634422522895393851853374591840200
24000064209688
631999882
115805753862
1025665139022403752781466895881372581700278
406159682912
50014300744723917067832270
380616213880922351346256127999
2612526480369
608851210542144
147606246
538895243968723904226158176073
9588261632865786
8191451502297721390811512068839894266049716173
7213944883562862802794484787543
1056006450486
246852963060
8039897508459329338841251725693569
186450642
1472583
46068886202638351514717169579580015787324025008
282445935387392138330082898576106342793564533479
496035353938234533135767597037897718
123606081060840
10525208
14720440504
3383807377727664692736153004390464
1069784095359744834012909671829274497057
445019575319862937733614986475762581807
30857
5789169619119962607671978
5601420853643497119764557896563
8803744412445420079990107125386807107042
24605424
6258339654115
25270943011792875228645440907184088479050609036
8327538224959901392848057870111001752069
20160072009
21514033400536655836738472021225686
5270410081353675480086249237773780
86530702497247420306281233523549177635
99637186287402916555932668241663779145946727
325791184204668692
5382826272689762141164623469
330151811138472634688509904717
1684088
30600016205
18531256783883200418
2220547230
87516075046005065026257554806187
10285240504
91795126329548063698723780329664241215180535125159
521530581078926353282876
162858564
2224565
8733170267919228943639613036622628418073267
59049
22604729373263034674754731689599273924
1804082490
141654
492820096907301767330022673455
306402642048
7480396
272345164677398747918270397511401710
8453070460805288680760171751087512
6657127209119722636107520285078574
81381372106080538531776011499206
2475001078951675237624107107227004407111046
88939138769392917192808091975606587158493584047349
2044567260
47756787872
61120
222054
58986962077167241
12925296901272
1804509630
41190513822884809907928953834982243255701197
2158347554385682613679061773278
91448361087986196250728581224105300740844742841
7446263745901599
29551506464145
5498589297
267600
2396704689248082892813142263650
2864876301520450366779
848154251940301270488551
1895027971789375
360118818887252292395929370030706107096
9474819951497924799277853150660660308
134887313164499300
303606162096
593739392780342705686
99750832734806944596151155898
12045600908
3923853550667009777092023165371015002
8669008903221640620451514104570268462408
18360024
725057889905443422099
47363567390409129235378775334723318519439574
271604
7397374372
240402483096165
564317969980098
180804
83006384699673221720108140540434246836177261132341
24640840807
2012584
1476006480364
78074649425812549958853204629936178175676
148811128625863009204315
12045048301
28845672
300852324
120402162
36196957460811574809029413634751764390879967
28200624309
929767939958232715939
246408480012525
186054489
3847179984
18000648
4572568240800637791780
58513760
249004522
2824563240
13846769544379692729
2541328539813672945303546325477920223097332089765
99975975381223
69418657671830714515
6120951
91805840524075963848233
1684564020724208
68911299556928992615798581234270612686
264402
8084611215471702172136714421780349271619
40040295898800885873838112501834872
2252047
7942179
49947232758704025915120763
3805289988969057024
75183217868729444378228332879553
10525272307
45249
259737440973192
20725816507
9228677890603793340814020702295526181698412
20440840508
74835995200541259110900332402077023792276129
296905568118227738065716887412837273620
987212
9347217970883160840232
465829933979029483345054951288886743
1292522
1624560840
126963232532620431935401
6972170256259823268633261844054531318108106111
1624028850483
126402561
6476747
2828
92102811021956400515
66576777132417829045881352442994548
180852723048
912020737400647093555080428184001075552542
38815099615
8315911975
710658525487336351718393340645414757072725
2232948351323768242804061909167217
3004561620
3060001620
30365440204848
2384719884145552025227
34567277483438957776070
317403767473298321176175
695713893128565
5876946485320
6105192224002660
108456
54153560706565729678018468455704016552
12137253995841560239410836
804076622330739020521418703
318359425448434684
180006408
58441133034329190282580476409097426730437358029
85988
4056914088706864273231212752573490030252
8192053876727392512082092973926
58641264442156552925121047012408506812112
54124184901421159793806377204
2985230011992154763667301137603279089849128635964
11015528796959041533
636918964482603540361
5684744470375235813898666183947282594
85371690221356902114697723185429224512189382
8796201906167
2464560090369
32322094124795292751255686897083
2550770408669157241304156496006197688
88755799721992593399971825765739354303003940957106
799095720815303520200260065894829942660825
8812692222926336670393067794033612254
300000483
2404087290
1232581
89608492499117598950101045631724351
8512101847662104194232919831726796850
22200648305
98583323560017865607423010755611793279
105252723
509676680351680628598529694039519145489357
6016522290880548896625075273902397370
97343966312654909292319169817722
62061026843072099473171
1217387117907876166084902901159409994342906815667
2620885292224711
5200900925
5331709195
10245624301
4596721292457168583647928725863646822803522
22800056
20819899542659043667398081
18645064207
2432528820
10749302209098042357315492925806755871500984514
22800056400
1887665173156
90031791547224225
64695092077931
88598912820345253793132468795
5920252717914633330437542980461137190361580
97748126650598942050660855493695980964
67562655942239603681221225001
263649917749167533841716000443893520882587201
7518925440250254215726156951315926693309824846
2280061620122
360831478345201379180878554601340641954788959293
7056716156677606343923109972353
100561715103561895537602689026179956967906757060
102402324
15602548940630747807517292889
78065124243887944597745434
1416002400
4417691384514785303978585800983591257854217661
874700874195520522285960053094801
236638304378804717015080486619268
18045096300
557084202949516316287680703656739993
249258
449456810077760547426810194086570302875
18500782835978359782549323663772422585
9030459835887615
78013090305228588752614912112531667484457
911220748211689573
12965400008
303
186054480048
6299148406
5850978435722147149946892252985091
2247889712355107915
5911888677854929505918638863074239377584221708
837286818619688807929197566435
22245024
2860024259023820291806486
6429064500531495
648310670173510168561243699849111592
303606801
29523771352267454261491697517662777
9595539581066
963077648484034
18320408106
879990198034
43233605498134996673252480985290501867942
637410935051689
1800064800
314531781251916579861956809233792522421
16240216
14445696
28078658624364363230616074327
22885248606
240858882
4782751507
1352421608007139931938748425
649659262472861073118122044816451
126402561
3436600660041362
186858729096060870
288402804
64554327836662185029586489874324876821081
39275993854145775109948141996498174
175008233678469357815581133613462853500228091
28427166795271258203556550
94874172311
1000550334922578684091203255089396278026
7577163943224943775226781211198644081538485
17296726022124581182391405717934994637169881204803
228408642
87178959718064050659185757961565653323774581231
89227442650080685985401489184362461812709
222408243096060852
45655712226808133720847718226354053504564305
4244643836240242954788293691709261883
126000009084
7272183831257327675464520163064574373363927900588
93138871427118238487490563121283
26720472603636
331338096399708297899452038711
428313043183140941073254825995671893364
55553553085106629
967314363811645
320331374866
86977
22285272
3599138903945576497256397039978833404207609647
9265957631
477564044039998452
96534870651348045692348316
207606726
7745614417010945918451056523766049643626105
550690673091732336084529034925
621592421794698149713705320365435922383470415
40768865333191632686107596835
30360
813924126509053706463232810969761130394796198
75559566
7462481154350654237884651353434587643124624
47996266787454118805165034856710031677
88323356
12320496001
240268
7990909100378013231490163441654940220720751045754
473193944799161786800893475189822984219860
1084503
509517974191173797650895527486820982138685741853
120943174255510742123
102054402
30645024
2076067
61361658574378371887443979
47491678
970420419889036664654
7234928113948076438583619381033187913367687
1448580870009008
92040744099268620588414033850406445585142459179
58198825137682643432417312480
31955810591832227280860829321553788488
105258321084840
246852243000
497149810175791
57067991
942183142109109212680
780341144308544799918903521092044308947817926
2256002460842
2040066450
705417
2049620323611469614739521806346919436499
7475329435238955821024546
69559214987963099989957876099
1422201102
69295550167152564498227683326370708186993386474
15911412
28205
47808444283
5938497
13456197562639880967048723295177513136834823
201204
31406601544535343844158268755
97160658234204470664272598327
207429261886
18925272003694
44233299299978756326542745967307626375743
2492049690
797930
624244408409608314801540624
16629757037732265662964405446408331572533
87363621659158912414704661688791454165361391138455
264006486048
68953848079824066705668556313719024440898703562
2676009690
253614804972402064603
296306940708231043530
660704657283357497495909
78792523770087299
947596816001288944981
2824080030
543770700
361617339144887828920330118432633236
96026583
2468046420489
632782231918547196295988930061733268314
1327370418766787
424062
5501831198101609843
646238459987221414966152718950627280
2797944837246790206074430265592452652080680109318
82720503599327296533266339093851952614
7498397402989990684049720303
1081129580017349
695525826903604210969
204054
6047968377814892003990636386
2802385012
91533562814425919217644767931767112226221351
4052765019654185777684
727271089178022819762988049428093351078592
919441206449658628010101279757885869847661707426
70492676138
12360600901
144852
71761134457340721334923
204054
14485248008406
1620003
73837905948671853212822142959687207
414333261017296066949521393328952101
3129953
179648512167768801084
92624538701368319463816237685
222804486084
7366584932684291901328248905732988607853363168
2288580840
33485748443946910769118000206777817632681937
143952791534974655671515943946035
63541924141429007954795182414926886902114528241
73448140690038747833734798
779486360199
43114249330426537329743664246342236218150130106423
593082082140952
91387522235085379338157046551873600
18005408
8427828929
28660644787331
40905164924115042956709728258848487046475561
6614219883405746111371736366159004328682
95546346707632851223680990333260526796387398634
4542861443362276254
832691767445204780093457128069740187596612514339
54733660686046390721
2468522
2022208477510116596062334039839611875553482
53117272052706572812244188955933637789290
38447802750269913520643907326
264
180006489
32533258476448777210483216411562
