133
46632767244
120054
691
121055110672630617
53595120553502
693
75573666
1204504830126
37476898407324
242919881
470865101192
207606006
4188
535
4340
3515273
28845672
12360048
14120400602490
641853
2616
68354
6533696065
12360040209
3227083513710
24645608108
690823305629928
47545
387818705339503805
10840272300004
885426217281189157
7460726
29275747297309742
18645624
2492588
1376641248363600976
12965408
18965456103
306408249
249252561
2948905513
49091507233253
204456726
126006327048
165600405084
189654561036
624799802277218959
2496067200003
352718773037
3282524388234891842
36526043555049
243606
90352053843
323951778498473
83132421933606637204
897642
93581517
26760096
5171579877953
438
18153675832443905
23
4116703390
141204087096
66342379591
156911909916
15
2492042
5133718433154171
14485800
662298043074077
869111577300
716
9606021
29183623
8911428799633416
1808044
20440840508
361626
161216000
147204486000045
2224565
1808583
267600240
3068044020
539348853679412197
519224597292346494
98546418
984595
35
97030537
105654564
3574413
78809173365221698977
288408483000
66892477
22240824309
2852521650004
1017119518356886781
24645600
4231125962452
6840309279891470054
228456963024
2468529630606
22800056400
16520496300
1080
120402801096
16520496
17526484600
30045056
148254471855
9674740426900
105204483
3819603
5023278026551278836
10800
52883082245049681
23
186054489060720
52061151
300456162
32953241935883
802128750271051
189204480084
492801556204008879
28885296
217859633
48520
5954096528882319
300804003
414316
24000624901
