not secure
322270484640134614998361523953601498582463174328
308788479505746270967036479
2009047762826736017579514356054582070062208
210277669746
261756390934157305523646
4418874414776051
92826978817154263039507982354939336097988806794
545607270640309438111743903646304491935343
410205403686923447933034901000977799224961112149
8664285931197640472482700581109355508294264
868040032093499904973500
380992737891184814
2275263278124875559983342790247593780769762
5485734
2809770
943244012274332456929957794738
78942508552164571846178175
98364572
44818384700377206867290794308
58932465935650607991237
7043552997329
75717487208002169963310
7235473
84226
84769658568361290374743987717223274688165688578444
720015794424412958
5472057723410797315188878939612847208377443194
7179297408194957598112517891885630133061
117523897469
10854354947820455931939777854126671503794
662429542290245516
8387139145097473361133125697720
61550018625053746231614796506681523946693327152783
5644058075202200368779213562391471
2106755663558112180367060
51279517792306146486103
9271746746090344279314353
283406421765433453931822644992937434264733506
561120487938846432
197216788471774768585
7741641502419125891782199539025285368999428937
335596158005651757589749266482412663848
388363599600748
70888425171537187398068815046713631833
790810827
7394751523067806
1756562
670702952052751337260895454605091934373
2510167667557699512996020439997068831071512
7476678463288240
2389431951505628052970
1797895205976
43916485556197960321380502809449150
66506424675824136761
12463726635809863599563600173118630227163802097
32328966715303677592312965
34304600367766
2580806334410527737553
1949891
39125956512013420037615728
644602175935789735308890151486181723693352
414909755157397106395828739
497902286667226147611823860696535481865046
72855919278753735377286807372923
857033
2935966779
397047
2992866505734409247
660164737326108
91403254393861963679404025907816148416473356766209
78846041458694386748191717897376610378896087
20930472799681718581932556635295
92865633536124065030159575245507621487632023806886
1481523492355982107310700121047799068403
19314187457088696587
42457661950628580791624631165020165100226764069057
93115360704949895295761833474459459634148
9911473099193181827302425884181784900219
438934949712205840429395064023
9860793792
676695107816198335167059044174023277056921
387206918643927223
1364016908432480749
972609837504403
465212416
243774710
7437197156436688997838200439372586456
2207067526499214962401124051799179104665885964
687915098560284279713
8640830
57183105856467095821260991183475450880767859477477
77685421784
9243905193508044039029698180605260322
35281297480602249656652038850034749167945
4242339744409617832955855855832870253957931925430
358520707007855769604358061
46370945394312906996999472007297541370017710799972
917816277043171046515084781175086353165599934438
79769581044892573795489578338659650238329
2566066021566328
462857874548871781614133
530756414959232642887589755667839640
81765414
28766533962992862667
482583716255640978936648627363283
369476227
5691063833712142491924775600815109770089530403131
837307009395795554911065989196587855
191968
59918720262851080006433779735733889783039324250
20939599021
874990913021626371444307244122577987693
84649
279714877074041400366739793298
94136489226620996507737457116809819423297598666
63738993968034
6864645
9132555872571548868923831677456001
491043093807904253357226766205285984594
513939022291462791049469126383478941047541998495
3415895765290524155709
384502
73428471
6936371327
846430731238685120767150737184678304
20242186506500647254144
7440431957252168505064973
75438676471949761337526865417681208773634269
477222775969031771855016356093748
32828539984762503627381
97504515921233065
841660383895915816
3672721840764211236671398221340175254
229218915388878277211558494249226384495
305062978315463367219893534
740711827726191
9289538
708796999311061339802480599402
7716159172416982323779810082640144059929178
89589305979745
9041981647036781341948029621983307
706848
6793834843
28401818989052140235
8353483
24595415093483377865177486330199634641396346742
578576844009441253457387087
23121715142281245105103304636901093498441546
7770509968376990214460039315662
87490146747600
28970477999502730052578619064632
973300305709571821148
56030600374307565624257889316859909616600697
9133909849845006381715827063522614567909344380628
9696686800414174417
61564088137344141765851504057138013239474072166217
30878631466841606370505030923
1227177287305196524568934301
2810644969278048283
7407585497798709398499873338083302956873
929579347479365235586536062971438
4310058155701092305766920628
23433945108037210
9269304162409186239820
1266341095166553892370979754119
497910395318062279254
82556368472113330452569296162008487504
99455044521024
2926082439597
389073672142173016482
97081602245789581466296504087322
37513130496085913
79880669755251264985894170279030
176516623753670637537075271869
877206838
467104738503880025969391075150778892315055686
1385512949860852231
54565034675187477106385882908775960906541372729753
89017325266826258113841382876225936929
451586872487451172285267091709815166149
295391513991275524921379983842
29178228290539801081917823470956476525695
497939999972
622774149516877309540663
67160
593564193231841214230287865811533035036695135
55852864738625700
317515544678253532316
181725986357480416398349652459715
857173177782233413261451568736259014311962
75798645356856201520185978734
893828476
85185974683677104997725571350
2276355305825730240776931039105528378
643677214644961334314
119075909916443865183
270788973433975046419261378130975093160829907035
7339958280689558644930983025408422046140937082
5861408626237674034595
342112075460261
6482534710946178833434347451579684183920186452204
42543499602031838313375963469867116959
78527201515527313561641475099738202339444693008564
8054538940803546614199385249400558565626793
1058758698
298857815
251279194393876873687800716701
94424436021418680126122115987369389063647467067544
55259043120006039626
98042206828839623109148213075
70248965994
1266405
83020501800271815758176933630530843464408
21688502540779355893
171646236
8536755895
61242
1223576634719714799406788979021057682870478216
81340617053787803708053661213507694025118229372
8740504684073
6394006813306489792109025094753624
32790522758112844493612790418437718
79035032471400466707530688250484982130
4554796898561
31659150398067217391025732736
20940
238616
99630451012784034596037
3809246289513408848783857048400470569036489357
4966943674135
54802703544342171399816405
5428098164254906987177780302611149177392782964037
7405120242252122132305144079159004617834
878362592863763154919495085850
877435502723128754
91452
5393308681630912208204188541942
9317804554453104176302558173507503806730
78868866516059102126748263413702814331238432
8664229850346983422584122176498658123421390587
69736852455107431584
19004277011225032925
7758082932855735874219243
6268251438822793326
1130459567542225506462
38867480856761558235983
95171309
16509188178407835979372304
37626887
11736915878945486160909411431481693394353703684
571898
2530357214743345167561636871521
3636567804868985590038669938736
281239861287431855048234079228546690682
68536251143068244903907383046439195836426
8036754565920039564
76389177
519504412570485543382832
4286286582578392487710886828054681876
645787733957377367940852487
4427945991019254255958528
459702313951675238357732652217235102
315450132570753046475460228856188002795
422180427761874035478030880
215039
6629940172691
519439198583801425858392385874666748273172361320
71929116900869305534878821451475
510599096489592
92724556466944423845765005770614826
4523981998767630937
9675341715952069488332560089423120365
1284409090882609181345390003585
792376807130629581341209
9091684808114051232041
2609405743147
9190592400994317498453201
98539290726669656208445733444433452514
950380348444951943684657935251779848
981652440165795360073673524417423253
62922802150935
454911078867163459649552
2823384929226064842784706
99037235525574752650182605850020765858028335872
4821537438662137858944139038556535549069581
947668556378490189945794768
774536173141
54292170432675486557169496968310431578862442060
6666135439038
114296743050139645007625218
86363833772197522747144952263977276378531
7668360851172277215934054958172885256
3983742764040103716438436675998401505
9340235089185256357210256716901527634359
94302976476261588450515798410236356832162984
73640496145149216539747063655620678984121
424357020047372248145964033148493905585144
58081006517843857719951133021848479896706472
27554689
5512658
195640950823172114094506212316384336735715583857
8814417625
163553290688579183228027674405302617
89670144220915963313
9603468095213816452070749783889297998416184
85318509875542513382316
963461224909803428109
684234651614497837
144142135568513009370806
398940276344
52037183775380538617030288114265777281106
115233351932742210437515211
835598946860140922702767475082437181016309910970
73337788321369775081295355457091
74023645
9140351774786119
6470468143368313533789781
45309671674578431775531059614026531978348816915494
1984691169616887354620317665425847353219700
82139234823087654746290255979665114355772
986910759947436391684389162172
4206359551170352693561493287871
677865503220143879109620627
814687397270676706021352541723149477251127
243973532226050225464183041688064773225152502
665287024362759451943
957486147054549658467
66783582821422542284914978388779591214
58783576426691539831055726373283549
849127890493641490143719837202076
66021054718400885018138297572119431
120382372668
6745063620780237307085802879524539307091573213320
83646921774032237107433851078229
72914500485275411
99329372230494228400373694879699695
14509686255632195102165847
896906684875593133602000279594
47151362615409075015158879754605476320857864079
4592522548808861516649476446967204243640686442
9213741401024683228340996578
1449541864370893010867189293678151368208110743
3119391
84812274191714864736195
832746071
565350365225376715696991742335
1402098160516897180807344956906
8642626421617865533924768794592817898
84475444267316305063281924340217224922478
146411395486894839582969
5406842161
81787486220076039
18686575233129691417948770618975266183527
11473457022519
7958587981766941366886526693751024391576833
3435399944165224978143
24346382619
525330001154372191800024165
803180145699268387806863928355177684220
1505265396883950
8533655975
34871346473071600190
576916575555
27892130518913971599222950
43388595135
9737912394724086025
1314808999108731490558
57722927400816571873759162011984091063426995019
79092129051
84568383008685461761798811
299470004225443886883114524
6216105693545215362142907
89714487528507385437429682099548591101273465359
234708405366540963939862805958446030
102508053383103
8028848324453178838026189113130430837695100
208244534191669967314153976
8563001996359146235335412822302693
896883366105550535556604453390985435164778476446
66596706878920
951085517412282773099151270119106854400687
996336532783970976161105983720016682224193
6053028602771304865070549705096
49053494025693522821300143698
6800533258614057487834342090651139258642528258749
3417217844652281156650540230988876
58398795818365389270327652072
8372086423037268481354994782833865
6446884906812201120952574260456097
77207647440500043660057752816653523007863612174
633015578795942882674
27199257934845
328601348416128474379455049961831216
3095124725060115782689617285097997036
9878791621585763708297936906
5441102956874325694241441
8678987685447410338383128276447285317034682
511723280452
864517485768475838054998292039439499264446
54553277681647162366692
7752084456482264260018959134203116210250
8807177903140168
68480617626175038849
7033252785126402
112948497248665203715576555351434737453395732
808000500507226116311
16142770
17108018043587382669283487974126139867384
77087573549368217265802644316206667617191
5181018524999775
69408479455751910998849729263225286388616
49590
9137428278106690765
40888458090278156943059957616947235547994542073
9009851448666363533848470567844346808181976
5845600153295099401361247230466020785
341225178540052969888466214127
6298941616428848869572942795334
12003534115962595298498
3999521385684513828586249142554440059840954408
755206455274005226949887187
572088348
73210227459482474292562924756195080828
68437254726092823576655101311907371047961776354325
5444395893863924985196548278868976
704837073626278896065431123441887682294407961760
8033209899382681302027164602395767251
56717776
487494958535196538161061
24250239928579112896417481536144
294451837271512492899224345743095286921893313
410409227822254047520103057813618418093
7343413677106400894048578203918768460
57582387843820812800531040550682
627824816446891321008
199149034546258
131125627202057
8722022
52229299237734821314985349951564759758
79267129120787800780675186306282224148135
1457927623692378905905029178047818
81074140689897592945945206032222794856
1757726488176175833248453228186699
835296
6553519992468668835802163903859455941
172327554854
88700986577581261256860854237179
59376925078949624580087429609040427591772456
9859824441987818008283046223807794662971
93476800317535831739561616
73264245390543518345819
200004251289305502204739
4905539
5751636196488612871819239554257012
4292510789322
247163286680271711231481239158
1752417756889437183407425439840033585964870692
6479942310386113415111753705962070020049
565707346554005545334689299
1940226617
10897337351598204728575015887126
27343256424265697938716
96236705936007721864386382733091246
1866142695997583188
82682713656694137922362998886427726066625599
2008796130379
303375794775528339042089661166109350
270538943029461359025117214130773915859
40532688447580022883990840415517576406738113
63100
14873409801425339182103300802300069
7220237148719578344477657915046524002400
119105716583895744
4942819
55888895671740890366654397642215060478561
81312761246577661447943629
1999078789076705317986521217796144754
65644690097798138030471982216883680491
8532076690543329357953455306095334778857932839118
93711995505908204149403642859765735350
4751043995
600364335998367960791781
824103815
44638
8398007661733258083822207603085049
6567196277554790448550316232
72412874635655
83596123
166053607885920298825495114555260367453213
5706644447747279093207658275255
6032605420552993587951561526211072387154611
8415906
886520969642822
98583458135793414693783798226941040064
5448434921536474405128
57285252727705783695699161343
40229217553875608
7291017828526349944564045133
92440103700588647930894916705267780170205875
5604950522691727
3909518281541
4900491480642287194111224126186104729169253206
118678008072552465139216082278385847045673358
31000579577502
16836949464621710741745783854
926330472147298592794807515
342378729890225
382062977081543355092101251762355
1760053677731765
27853492266807909783015398292
117654227896849054382265902862
528240732154880076811879610
188146443134106143
5667434814
993533685672484531186362726862597517397858246
74030474358192590446743387723313196996703217462
260142100216533758526629086474250140728
2323336757853141
109610504832508857941117
8649614431317971285074356340378
16211147924944048
7734082
6086444049290479390315938787071063788516403
61987732938730762619167267798455711662962
753289003218920165056767857402711287583391
283762406375999868443371248784
65001071287842435715988
7776561072341752736460255459827
21524123539135
2265802644200986870523463705044134462412443555686
3912364574830921
18807858474779725426605264829
63856533843861428137557
16447575703108950928927770196370313591119480
2623141531316412212068908
21128770684669068664315207734425539763432295
32432194758580858746938202205204759
8828080
22854214770801225211760291471512
267830471
77379890761651865449547750
90253795506349176621699999258440518418334295559
71411329212212676119624
5383108545093039484146811603
362933959450016031067728728593
2016276852065
3357332780
822047
74962522595888664
79180375583855503
24980182372501447687416
18208046818545673109054459225496304722395
249316010181951979205504951253047917
33002983389247163374016
253213165741299485288
838018335483
919423156135560578430952875
1904155544467825501771
62679082589970271609590312839176894
713007
4210650088
1937163386756
57247314736018805456547
83199795888274469707624574
387401
71084945418853489917755840394586413933634347278
67547319261211149603230391027923219459878348864
9378142336082345555
119935922163598994535033793131615
67233724478597617701092482466832250544370972
599680
5253969434166407039324833328739273340570300
46360500594428130910952973913760786
421294
60140855259634441192423709442941403949910668
8918966298260354814271386672337846314983799099979
6384681
202963059935633423589
730486514972708850298466354144221454061407468215
7207273434571705847991252036789856
544768546454
237745725793950234124
8561555126514057
953064454309548142968579
282438956378453
35287007209
56413506485514146202299280014836786496752683283137
4708964944619393850583522092023
603175
169653942491231
82138025742341078254762688730149966
95809996921253253
553439017097538287836426539
49367421519444897539293
95714
42727490420334905958917808438855977
912262661698989962227241081342
903780550392515931919672212981690341606283
630771698599372463
53541483762302436022293108650787203075367
52506225739572644942676
124200611635066091806024378586
2137234187946917506067839963924818095
401991671
7039255815924710307344803291380916840392019158
581186373588798133705862975392686
23570956473407463443137735252873091358
687285708535080806180596981548772022251718
2681939
8393039629
19312312524774471404988407132052786290266000823165
4298836714930044425382381559192341425774292624
94556906157744
68213895421
5778970604800409741511223770
3888200683897898
1296060
1531253274321560168562840861
238979330745392003206524245990554917500
209016680305634166
345174267277792570
2083201718012485158191429442414646505379762
647169323784528554961688945225109859838543142
7416005637823137176449
108578171713633789234296847719653479463853
944796236259529781522414367483
613910113645875219460915667
61033833221837034
23561845595477482877675492698266863915993741777
4197151884493117856632677682232805164392606307
9178139863115112689023539381341
7798069
531465976772416620763961122645076763797005866
14521553912611010380410111
47378318283619990423547036730483
5276020332838053763192090047503360379432
61511070509562237216178631969199202072377
62110731812305743119115642784587195475957499001
67223497274126831857008380218720
83108470401924229226113163681386243589
50321832171415372071428
470152237
261502339
805151677367
2890327033098597976927433790
2622442423668661669094124
45139571954445115394786445375396251944334
262522
95576573042762075801259846807188352053476
7009090326824453273356188
13611321542536
241213184939802740318999
6227628079942
3719931410808057684796845163264678211067320921439
433869620348676138800307
4835785687341434012
35504505905875575260190801424947
9707982370
968084929871701593609574501772
12605249259909894177715
530324949418332331385
20054
917287150274
472140044258244
212374
39813747712671202532729075029910314789
86357
463989977453343318
758138170911873915492757912
431676076256257135582973069349633194815
688423067406879124828
526736661762
464713222088689638468742
636103741925100706721526
7043558982368194083292596458355072693608296
2772694359780480291662780062877
267257475
29249177573416043269827388275252765573924571358965
703675210650921820155076340509
79298214444215224036500286524041528187577109
8726451688635336205
71283550894760858903773
773487557116038386745668458270162662421
91471539089944198829323711
70631
44923
552133068722752345763354414839288
107352436112181990263900142877222168
445047984616176861861230
1349097948
421509661703
17179064418632067595605717706203599767710
3290320187280173181627435232983996
85618676124850058035455066687847252905488
30113412667
70926924579091484186833460556622430972949113789
73022221647855653794
19703388558
47918190622203323565033620
2450711
7476161598793973602421615540543652312153312476462
25461803345905633275
9666969864488918441753762114134
2620023074493880387143370081391552381340576084
6407979979267157783134071
71505226418620
260170972989701472
10859100623011869560515158
5082896404192
9175603655454464229140903010725976610945799879913
497050973998107599
760437147636419392255924218712297018257
7891183703907228500432559
972965299675932623618389249402147496380838031
9686409472235676185716
7471279585177388907020361591876601041208869
129578330091371713267252152889184697975936399502
3068351260
5496579624120547
260687077251991021362553380301554060857366
748000184678734
86102053209146227747187335907640033154863
21174050661457734565420446408
383293460475006
9633273574389945378567877
27892048922202913951868400757104809311307518757
438288651783354392585682795985252229
5493813285449553689015597651361825976289843324831
90204113775839531846133637
1223602175496887699360205844190361861
344522051146932195459584193266871252762823808928
4914379396926911475965537938971077
980381425675
577439149031302919808486323835496725811985
14761290379724412098373009843488930894649
4732486
436198
2421336139435836755959829116319358386
4178484553352748430577330
90136373629712989531897644682
4296348649490578205353166766905865428
57566238643083292264125960839
630809076206142991519931585751940870768
26170827428432
46598275982302798143762655693966460839262163690986
2662545039731956836
556502450006836
316274480416423364989136599386892722083
5829983069440320066241
55127815090134972852812428920965567705
7737824615286381557898780566166367868122779744
1977958438651027890391842965199908749745823
173309
996646139537738368823503918080
85725204651935468709642830456610162
74033232463808386057963175886
15857019024422168347
988536748504994033906
9915180085524950832946993865676
326414366351840852235310266494282982679
982821152109697114914220104868748996713168359579
81828
76349534339380342176380559680822903745039354
7791548670472165376174728622198032367427451594
8563353563688492
24061861786727971285
5732059037673571404150855575061865272
2849257792600047
39616078596283420
7674027850862562890172733214389
3955013569873725353142960
886696052916584756666602023
8971275036
7920296452047759
5247743937828111662669741601847
5492194080283115032153687449335
2001740983335714346787
76873323898029439090607169540945265
5408964056187966676700459293694364638654753598618
971417494681199928735740787326701458613102634
83233295007806263147520
4097644765076474639027454106651600482290
9397017304289238187899194
9098328377143539673
3624501866784365727412266889864259
6602658278543673089123239805474981027654020
45866
508865518315021379124128521420006615225967464
9402156
99903179759
5866233
15180078035701970051599528897781452
95835805766095181828567949859143793056237010
43269368910469001428396521
244361558370034155336541254354632451040624324975
41660677
389402863530782856818007344600
9425994594382527519473869789314815716789619
8535391194200720771832323622161
755640
463911217491722793596760743081735
9916660547616977092318809006414743228292968
516980911211569396846
3473342067429369510
15697770656308200927567206238996232652890835988
337530791496375639407744329270652
7987091678
7532701287751
17085193361982677830402383917452937237557911
9883131734488426100380
781283451556442397399293
85491620292225995109498
36610529262113711667
734349152280563688850903759159536133
2086829959622510452202404549891221490031269
21532229
38714187
17121754321
758285394339352329525689001557231867650422867664
1176500528227184862664053860119956770078802
26239625716010004108659183472341752372479990162
851308532183928200576
1624084692042538371150089339576
47362109881920231111927031522049
891472816332425820288
85229207622637926862353947660476200490013636
6482144289208988310961382
324020
6470194361587774009575802
731497055141678709125602710678968486032623084273
244327626229
60423233324743488209837543587559341701697549552
5867330666359828713913639
88561773570707391014851500350248623561727284
29944304695062629393051068532666386987473497
7934700419363271714677884953270342340950
60403364471620286528346792156106301594856174945
5001726714776352501110
1738844359381677633172523
2517798137
1552972
495010
29073920292846361755952
469729757439669
90542
9403984790957
183323801376795782
2777310736797229283147880574783771539378655801
421590890337342690952059868921258031465056494
464675700464821027623
15907808249
838590903419345095
152250584187775800322381989870
19303241807575716782609785030615401279624788
464977982
9577860570219060015888461
981415158574100170
734471354
28979506915035638074663707573891204622082860741
765304255446409448458972048535139285
33249163463637564431
6850614879008680182973113449665368645
25995382737474182219
8507249
482034382106617174508297919651
457682721051459264
7185586498036787996821226749028519483858360164
69310992644679933908481504620080
52317153948097655397224015393979
697344075046197194602028512875526065690
37079152759375
23092033431704618
4517021263413210124824327011
8523913815967196567407702047243
33972657854140230517601277919937239
1895625000466614165400177259
830159141190769678641150434863211602546727038321
30704752120058426468472822151156241296380501475871
19080471761738515907
34059851
94489837
97231236
580621630635
7966147771673177629251648755797780998731971970
463390349605200352383684218911133602541586937
779120664973
28740387264678
49950915
656566795261494166070665798703080
8341010718002068
97211896778195112735831867797095214215145540724
4383510283003851173198319570003279701655881
8070654270
2979033907
62848777
84835763
59962824
816960633833278469297926023
437612240115
390467033970690705213610014105638089180929
99285779956393934977998790
39464465486088183
177506663276985691662077201863152035
9475272389677559542766514380225342933782
5615648875062
4668654288275488730606360
720241543679470818461406394582443287440014
37249
44563392638970342355984144285728
1383700329928295783035236703855301415451286607
436363503
4376997637381900759446081943037073616537828
28670280571589346138985955
88644701140342576427146497
29731817216
3994503816943736221083194041586733743965
74564
772060475356257758893511678147397285331911286
694547985385192
42946224
31225893339495
4701550172852317753860048
59365953048163616329136551360204510803712100
729545129396566969078473751547301565674
638675989987815
9475676740258203231034635929696106668225
32215035924769486406225
424140219
9712384597888604177076579750874626261
97196059755468
594063914518812048521589340828211715124821723
78034027209238708901001166133434844
842654917
7710247487511641473
975720538117647272837
407424818455351041325164971743272625873245391811
6341952866625307697029710176988921410983
74076052684726795949247204937996
8917861466693053833
4185952415507
1233286334613730295687077488996226910
29448113513990966
83917875808538284321
5287790115013646838565766809472890661223121407
3391125551423
22533683881117160961045687
522362418684264994806088737003756
5892493808203745995050257
9511965071661690843671135453163411612032965416424
188259226658254436178601765361929626689431
645619662538172880777
59500806050190097311886546278492
7698400065165668688873794784939001
19412366982
4077056344825450219864
9664748977755475242669624752
183586291165059144475609224585465
78640575929600066043
82788723442918082
9511512195119940047539168372
9319010429782849778430973350877227102360
628877943090334751033114862659736451
242748873982623961721470893809596
3323948578
426961970764518407089364921693267658340
94648269455080595149817439548850440446443
43214801
364141274322123416767497685545042465983836
44909895364414882017036996540
722334861671134
322535135827
9205560664487068881955228061675902416713
10145142516368897657737980561515168843989396
13779692975107030752514586
787241784590684039832146
20030098913727808765067089
7065495078467693740471678695684393799625
6959531329205701107
5937709340733939633139324401370
6713100576
6092401028805804981995423763928354631173009572875
448213095246710543360260201
38343126872826679026644
81155448766
7602627021341425540
76678816455964445093027705345
6755739233833450903640963823631589606
541083220175331417373966520
5762762986780028046362873
23432108007
3461277603897709237908724353798023037
85134325379236083014517
3250858794515834820178921562
1794139327236457502628048222476458977280091
90854697165472
6362100255910297610044045548750281113256954520977
25960000977501390326192
249758513962870757087989728453445502893940913
9506650165970493344559485638762713643035192577665
