40
3608528850368400786036725
11347415933
4409482246739918225101047
6297190012197413097
6522175331743
872571578960209945328862922417388663972646208104
9841126693183174732037969209252029294654914594173
3608528850368400786036725
11711326385756682558438
709382861367327403266710816397919259201795082128
4007182984312137123825
9793135173881482179091428294125157477268439520605
16917142
43033
3608528850368400786036725
92505657157997
370686316261786
34991604425223492597524257381397813930009261048
72550822659
5368842893834138276120119656445
3407313046981067402723808908027
3608528850368400786036725
39353044761481243666706871006163737918361
5006825681047870573112407183770005021682
778652828630740
68752047135887014914493951478908783184
432497539321728481
50425684297351657747
3608528850368400786036725
6221505672506903255182024510850228045730349494
1071602871414889693405258378288540
537639590461304281869
228579167894673526883593216917804025790946963
710835705521
95542878778386430780971451372
3608528850368400786036725
967384239022002345748094036981305583
96236899594241095600998847134629233
412
110649671222761
