500
1020005640000000567024645
1020005640000000567052200
102000564000000056706
1020005640000000567048600
1020005640000000567028885
10200056400000005670621
102000564000000056702888
1020005640000000567012325
10200056400000005670465
102000564000000056706272
102000564000000056701896
102000564000000056700064
1020005640000000567052280
1020005640000000567030325
1020005640000000567008760
1020005640000000567002445
1020005640
1020005640000000567004200
102000564000000056701084
1020005640000000567004525
1020005640000000567024360
1020005640000000567040
10200056400000005670126
1020005640000000567036600
1020005640000000567060920
102000564000000056705408
1020005640000000567060640
10200056400000005670423
102000564000000056704892
1020005640000000567022840
102000564000000056701232
102000564000000056705436
1020005640000000567038400
102000564000000056704656
102000564000000056703452
1020005640000000567018045
1020005640000000567056725
1020005640000000567036000
102000564000000056703428
1020005640000000567052245
10200056400000005670360
1020005640000000567064840
1020005640000000567048685
1020005640000000567032720
102000564000000056702460
102000564000000056701028
1020005640000000567056445
1020005640000000567030960
1020005640000000567010525
102000564000000056703660
10200056400000005670561
1020005640000000567026440
102000564000000056705856
1020005640000000567056405
102000564000000056703480
102000564000000056705224
102000564000000056701688
1020005640000000567016805
1020005640000000567008725
1020005640000000567018925
1020005640000000567038725
1020005640000000567014160
10200056400000005670408
1020005640000000567006
10200056400
10200056400000005670144
102000564000000056703632
1020005640000000567066
1020005640000000567020405
1020005640000000567048920
1020
1020005640000000567060325
102000564000000056701892
1020005640000000567060080
1020005640000000567010880
1020005640000000567010845
102000564000000056701448
10200056400000005670603
10200056400000
1020005640000000567042000
102000564000000056702436
102000564000000056700816
102000564000000056702072
102000564000000056702884
1020005640000000567016800
1020005640000000567040840
1020005640000000567032445
1020005640000000567024600
1020005640000000567
1020005640000000567012605
102000564000000056704868
10200056400000005670588
1020005640000000567024680
1020005640000000567012320
1020005640000000567046
102000564000000056705496
1020005640000000567056125
102000564000000056700668
1020005640000000567046205
102000564000000056703840
10200056400000005670582
1020005640000000567028805
10200056400000005670585
1020005640000000567012
1020005640000000567024320
1020005640000000567022525
1020005640000000567048360
1020005640000000567046280
1020005640000000567024325
102000564000000056702252
1020005640000000567042365
102000564000000056700032
102000564000000056704056
1020005640000000567042005
102000564000000056700664
10200056400000005670444
1020005640000000567042920
1020005640000000567038760
1020005640000000567018325
1020005640000000567044120
1020005640000000567048005
1020005640000000567016285
102000564000000056706420
1020005640000000567010885
102000564000000056701264
1020005640000000567042640
1020005640000000567050440
1020005640000000567026125
102000
1020005640000000567050725
10200056400000005670549
102000564000000056705880
1020005640000000567024605
1020005640000000567042600
1020005640000000567048645
1020005640000000567028245
1020005640000000567010
10200056400000005670447
1020005640000000567040560
1020005640000000567054085
1020005640000000567012040
1020005640000000567008445
1020005640000000567060360
1020005640000000567048925
1020005640000000567054925
102000564000000056705884
102000564000000056705820
1020005640000000567048605
1020005640000000567030685
1020005640000000567018680
1020005640000000567024080
10200056400000005670306
1020005640000000567000645
1020005640000000567008120
10200056400000005670003
1020005640000000567022845
102000564000000056700000
1020005640000000567046200
10200056400000005670105
1020005640000000567058565
1020005640000000567000365
1020005640000000567044480
102000564000000056700276
102000564000000056704
102000564000000056700096
1020005640000000567038125
1020005640000000567004520
1020005640000000567054320
1020005640000000567048000
1020005640000000567054960
1020005640000000567014165
1020005640000000567044765
1020005640000000567002720
1020005640000000567002120
1020005640000000567002760
1020005640000000567042645
1020005640000000567046565
102000564000000056706488
1020005640000000567050760
102000564000000056705284
1020005640000000567002725
102000564000000056701080
102000564000000056706276
102000564000000056705612
102000564000000056705828
1020005640000000567066000
1020005640000000567032400
1020005640000000567008405
1020005640000000567058885
1020005640000000567032485
1020005640000000567052
1020005640000000567018365
102000564000000056703244
10200056400000005670186
10200056400000005670249
102000564000000056701832
1020005640000000567064885
1020005640000000567008720
102000564000000056700272
102000564000000056705256
1020005640000000567006680
1020005640000000567000040
1020005640000000567042080
1020005640000000567022240
10200056400000005670024
1020005640000000567050445
1020005640000000567020125
10200056400000005670486
1020005640000000567062725
1020005640000000567042085
102000564000000056706212
1020005640000000567026760
1020005640000000567010565
1020005640000000567064880
102000564000000056705076
102000564000000056703844
10200056400000005670624
1020005640000000567058805
10200056400000005670441
1
1020005640000000567012365
1020005640000000567064560
102000564000000056704204
1020005640000000567026765
1020005640000000567002765
102000564000000056704680
1020005640000000567012680
1020005640000000567030080
1020005640000000567008400
102000564000000056704800
1020005640000000567030965
1020005640000000567014405
102000564000000056701024
1020005640000000567022565
102000564000000056704232
1020005640000000567034805
102000564000000056704264
102000564000000056702044
1020005640000000567028800
1020005640000000567044440
1020005640000000567038165
10200056400000005670060
1020005640000000567006925
10200056400000005670522
1020005640000000567034845
1020005640000000567020120
102000564000000056702644
102000564000000056704836
102000564000000056706000
1020005640000000567028280
1020005640000000567016565
1020005640000000567060960
1020005640000000567010240
1020005640000000567018965
102000564000000056704444
1020005640000000567014
102000564000000056701236
1020005640000000567000045
1020005640000000567064285
102000564000000056704208
1020005640000000567054680
1020005640000000567010285
102000564000000056700604
1020005640000000567060
1020005640000000567046800
102000564000000056701204
102000564000000056701836
1020005640000000567062120
1020005640000000567058240
102000564000000056703848
102000564000000056702256
1020005640000000567014125
1020005640000000567054
1020005640000000567042360
10200056400000005670381
102000564000000056702856
10200056400000005670363
1020005640000000567034560
102000564000000056706096
102000564000000056704628
102000564000000056701200
10200056400000005670387
102000564000000056704024
10200056400000005670201
1020005640000000567058840
1020005640000000567050405
1020005640000000567056485
1020005640000000567012085
1020005640000000567020760
10200056400000005670642
1020005640000000567024925
102000564000000056700848
1020005640000000567000925
102000564000000056703216
10200056400000005670246
1020005640000000567058560
102000564000000056701292
1020005640000000567026400
102000564000000056706452
1020005640000000567050400
1020005640000000567004840
102000564000000056700452
102000564000000056704080
1020005640000000567058
1020005640000000567028
102000564000000056704020
10200056400000005670345
1020005640000000567022205
102000564000000056701656
10200056400000005670120
102000564000000056703484
10200056400000005670540
102000564000000056701620
1020005640000000567018640
1020005640000000567002125
102000564000000056704200
1020005640000000567000080
1020005640000000567004240
1020005640000000567020445
102000564000000056702432
1020005640000000567048085
1020005640000000567030
1020005640000000567054080
102000564000000056706480
1020005640000000567018605
1020005640000000567042
1020005640000000567006080
1020005640000000567060600
1020005640000000567034
10200056400000005670627
10200056400000005670000
102000564000000056703240
1020005640000000567006000
1020005640000000567052800
1020005640000000567050720
1020005640000000567016245
102000564000000056704052
10200056400000005670147
1020005640000000567002485
1020005640000000567012685
1020005640000000567032160
1020005640000000567046520
102000564000000056701652
1020005640000000567018005
1020005640000000567054045
1020005640000000567060645
1020005640000000567028205
10200056400000005670048
102000564000000056701860
102000564000000056702012
1020005640000000567038765
10200056400000005670069
10200056400000005670066
1020005640000000567028240
102000564000000056702616
1020005640000000567048365
1020005640000000567000605
1020005640000000567032765
1020005640000000567034205
1020005640000000567046285
1020005640000000567008160
1020005640000000567036
102000564000000056703036
1020005640000000567056
1020005640000000567034885
1020005640000000567006605
1020005640000000567022285
1020005640000000567032
1020005640000000567018960
1020005640000000567042685
1020005640000000567040565
1020005640000000567054605
1020005640000000567006965
1020005640000000567052840
10200056400000005670327
102000564000000056703092
1020005640000000567038440
1020005640000000567036605
1020005640000000567028880
1020005640000000567044
1020005640000000567002405
102000564000000056706092
102000564000000056702400
102000564000000056704448
102000564000000056703420
1020005640000000567036040
1020005640000000567064245
102000564000000056706068
1020005640000000567024
1020005640000000567024965
10200056400000005670042
1020005640000000567004885
1020005640000000567028520
1020005640000000567016205
102000564000000056704412
1020005640000000567006085
102000564000000056703636
102000564000000056703064
1020005640000000567014720
1020005640000000567032125
1020005640000000567006600
10200056400000005670207
1020005640000000567034280
1020005640000000567040520
1020005640000000567040845
102000564000000056703096
102000564000000056705220
102000564000000056700812
102000564000000056706060
1020005640000000567052805
1020005640000000567020480
1020005640000000567036640
1020005640000000567020485
1020005640000000567026720
10200056400000005670108
102000564000000056700488
1020005640000000567018080
1020005640000000567020165
102000564000000056700484
1020005640000000567062485
102000564
1020005640000000567040525
1020005640000000567044725
102000564000000056701472
1020005640000000567036325
102000564000000056706244
1020005640000000567060605
102000564000000056700036
1020005640000000567034240
10200056400000005670168
1020005640000000567064525
1020005640000000567052885
1020005640000000567012080
102000564000000056705400
1020005640000000567046525
1020005640000000567064800
102000564000000056705468
102000564000000056706424
1020005640000000567040200
102000564000000056700696
1020005640000000567052880
1020005640000000567016525
102000564000000056704652
102000564000000056705616
102000564000000056706248
1020005640000000567018645
1020005640000000567054000
102000564000000056700092
1020005640000000567058245
1020005640000000567038720
1020005640000000567050480
1020005640000000567026445
102000564000000056704084
1020005640000000567040245
1020005640000000567018600
102000564000000056703272
102000564000000056702
1020005640000000567000965
10200056400000005670222
102000564000000056702676
1020005640000000567000685
102000564000000056706008
1020005640000000567062445
10200056400000005670405
1020005640000000567054365
1020005640000000567018685
1020005640000000567054040
1020005640000000
1020005640000000567030045
102000564000000056702820
102000564000
102000564000000056700692
1020005640000000567058525
102000564000000056703488
1020005640000000567028285
10200056400000005670543
1020005640000000567052845
1020005640000000567030925
102000564000000056702612
10200056400000005670264
1020005640000000567050165
102000564000000056703068
1020005640000000567040285
102
1020005640000000567026160
1020005640000000567014760
102000564000000056702824
1020005640000000567030680
1020005640000000567036685
102000564000000056700244
1020005640000000567016840
102000564000000056702496
1020005640000000567016845
102000564000000056703456
10200056400000005670648
1020005640000000567034565
10200056400000005670006
1020005640000000567004565
1020005640000000567044720
102000564000000056705492
