61
2464560
16525
1264088
24960608101
2492581680602
18360024309
12960088
102054483
306000801048885
24000624901246
162402804084360
2616544890
2012528880
222450246
261600561
10200688201214
1052520840
1080009630726608
2220008040
120858561
282804966
300006720096
18085272304848000
22885248606094
2496060000
1296547200364
1892527200369456
24680464204
189654561036
20125840504
306000882
24960608101268
18685872909
16845080406056
246054240084945
20765432
30605400001
2888046450367
2648044890
26125824
12040280109
1232042400602
264000
12320496903
24600664803652
3008523240840608
24000064209
2616068070
1868524830
2644089660368
10240232409680
240858882000
14165416804896
30000600905
20480464807278
16240840209622568
306456
180054729036
1800008820
1236543
1868048820001056
