not secure
7874493354100174098
457143467877668733
489802943909060716954094526594408964056187966676
5592936
46463865475359861887141749468119992873574078732
114586131026344732332950078062631475
744765076474639027454106651600482290
497017304289238187899194380983283771435
3624501866784365727412266889864259
66026582785436730891232398054749810276540200358664
651831502137912412852142000661
69674640840215
13179759048662337051800780357019700515
6288977814529858358057660951818285679498591
4793056237010533269368
146900142
75219144361558370034
46541254354632451040
424975031660677628940
73530782856818007344600984259945943825
83869789314815716789619
6353911942007207718323236221610655
17363911217491722793596
7074308173598916660547616977092318
10641
3282929684416980911
7846324733420674293695100569777065630820092756
16238996232652
93598872
8530791496375639407744329270652169870916782653270
29070851933619826778304023
4917452937237557911488831317344884261
48046
38345155644
4992934754916202922259951094983926
152926211371
44349152280563688850903759159536
49108682995962251
302404549891221
3690115322
12871418719071217543216582853943393523295
7890015572318676504228676
5901765005282271848626640538601
77700788021623962571601000
7591834723417523724799901624751308532183
300576606240846920425383711500893395766
20988192023111192703152204947914728163324258202889
329207622637926862353947660476200490013636554
24428920898831
324020
5701943615877740095758026
2497055141678709125602710678968486032623084273
427626229504232333247
58820983754358755934
26975495
359486733066635982871391363
88561773570707391014851500350248623561727284
29944304695062629393051068532666386987473497869347
51936
81714677884953270342340950504033644716202865283467
6610630159
6617494544001726714776352501110590738844
69381677633172523115
898137005529720395010419073920292
461755952236972975743966908054
3984039847909
4083323801376795782177731073679722
9314788057478377
478655801321590890337342690952059868921258
7494436467570046482102762
178082493973859090341934509
152250584187775800322381989870
19303241807575716782609785030615401279624
981936497798258577860570219060015888
515158574
116344713541897950691503563807466
80757389120462208286
84176653
54640944845897204853513928
424916346363756
53189585061487900868018
411344966536864531599538273747418221
607249638203438210661717450829791
613357682721051459264618558649
77879968212267490
93601646593109926446799339
6046200806
331715394809765539722401
639397985973440750461971946020285128755260656
37079152759375
1334317046185
2702126341321012482432701167
4913815967196567407702047243723972657854140230517
11277919937239590895625000466614
500177259730159141190769678
250434863
64672703832120
1475212005842646847282215115624129638050147587130
90471761
95159070992405985108448983708723123614806216306
76147771673177629251648755797780
97319719703633903496052003523836842189111336
3541586
8167912066497321874038726467803995091575565667
71494166070665
803080273410107180020688721189677819511
2867797095214215145
5072493383510283003851173198
8000327970165588117070654270119790339070528487
84835763
3824571696063383327846929792602313376122401159290
439706907052136100141056380891809295892857799563
4497799879039294644
58608818370775066632769856
2662077201863152035884752723896775595427665
480225342933782246156488
162536686542882754887306063
720241543679470818461406394582443287440014
3496345633926389703423559841442857280383700329928
403523670385530141545128660713363635039
86373819007594460819430370736165378285186702
67158
561389859555978644
11140342576427146497119731817216829
1381694373622108319404158673
750645646720604753562577588935116781473972
431911286259454798538519203
562242212258933394955937015501728523177538
14894
75953048163616329136
61360204510803712100862954512939656696907847375
11565674253867598
88158847567674025820323103463592969610
7822542221503592476948640622513
5140219887123845
9860417707657975087462626128719605975
94940639145188120485215893408282
2248217237680340272092387
200116
43434844174265491739671024748751164147348757205
217647272837307424818455351041325164971
427262587324539181185341
62866625307697029710176988921410983664076
6268472
6949247204937996379178614666930538
4185952415507
4328633461373029
9707748899622691031944811351399
73739178758085382843214287790
113646838565766809472890661223121407223911255
24235912533683881117160961045687742236241868426499
7088737
137565
59380820374599
602578511965071661690843671135453163411612032
754164249088259226658254436178601765361929626689
245456196625381728
876495008060501900973118865462784927
94000651656686888737947849390011094123669824
66344
64502198645866
997775547524266962475279
93586
691444
7092245854653686405759296000
14337278872344291808258511512195
50047539168372883190104297828497784309733508772271
85288
53090334751033114862659736451714274
973982623961721470893809596123239485788326961970
618407089364921693267
440984648269455080595149817439548850440
564430332148019926414127
774976855450424659838366349098953644
1170369965402622334861671134192225351358278982055
764487
29552280616759024167139001451425163688
865773798056151516884398939650377969297510703075
24586468724178459068403983
751003009891372780876506
9986065
607846769374047167869568439379962535959531
157011076493770
173393963313932440137015
231005769509240102880580498199542
8639283546311730095728755348213095246710543360260
114283431268728266790266441711554487663660262
31341
64066667881645596444509302
153458575573923383345090364096382363
70654410832201753314173739665205476276298678
46287311343210800782461277603897
33790872435379802303749751343253792360830
6175922508587945158348
315629079413932723645750262804822247645
828009128085469716547253621002559
3976100
5554875
9111325695452
87415960000977501390326192149758513962870757
82845344550289394091385066501659704933
5856387627136430351925776657759276050728246
129228459355235794896201137670554583
5472258726373743839526273734317
5988490861988919
84394169223307022967510418153823426083675779
70836217808
749872106751061591227438670773912705
2393666948678735454991024177034060324953
828030258824826
66187211109379753816641285845
254727244608169921819369726188946599174
21724142710156051150750390577
2582548365077689548065688324914210786390101498824
56223
2383019194696048733269761595
149786444676435942
479183693335422651627327975061
2491960528218015
4464345064855100547797909132133
7426085803183948620455419408129590750189203
4979622026313821
4321422838697106022667113617089401505354
315292181239891888734037332338
8716246083742168998472997292407
907080586655104021367672874460208364
414403790115773540
578854226608482122051249869725391
342300
8661681626674385719997003953448
1462782
924528170426746174
630808805699
9917594773396096924406749578
15204697928230495923169388753622303992691091968
347682637883723519115446727067665474565120813
63436049852723789
972007872591794086771324336058576573420
85957627620928235443049534698766823991291
983643791247513039810707738638508542870685074388
25590527493124551123319247788
506780858627050509020058883773658689778
7472990518638486802688870351078669064
63662954310166009755466
807075598702082878774100734488330319
87349416196464247194131492129894257254474821459
93528411075791342610789027
492216901381233742531535437589
456333137167450752363450830599795896214
70910492517683517511486348129
87447
61857643456027709
5336247415587544841738576080245
844191623118500132279478852620295000965584982806
5940565010689603
5241036304515329418175
15473857912539438
47844082758755
302731653963717740648454048409093302582147222
264613213
6048413509966952740707138729548704830
6023999337045567913998836088936263
9685130608218499693911833220055819365501190373
45424527037896
5288409320143253513929549961
2358817257624583633
705261390406189
98455246510026018906387
52644288194295555
93435333456852603419
7275724523781549
1703990083929122011035915906204000247
8349428019108054810647900745580590566718794
31004161368903158540314121212943386208213
805848782270950170202637
478496930156019547618555123143539821841078234
46404884904070834
925494436166769167862161205276390132548279010208
5946929285578727379804315392184343129
6067485
82790633720413
38045846818
3722712524026300229588876073117442384
94551758728838908008767176368612824953623
2724825390667703976676
85524383734
33450674
7223214471614298379526726518210740212048
17012426461710
31367316666235470872299299486779639072921045
655916230550737309986477
46010257337536056967681509553711213366
414631909966202206142430521342909654
245247
7444717299776468252726209863489678
870834270857301968037078862631621400900751878
212642384201719951020356916562764605509003284513
4491706104673350429542262938
842093986938954751944907760607321
15359114824140
62249398308904789927300285309
4680257929893741159706192563296
657139344358779926751850317826821577
5507646
6744580330437526954781075323137615550535106398683
63342111427587144028322614392727741937742754503825
750209077873324417140731423066227
19523172980519962544909703316846594820992700280
60180491384207237096297578530583765205
20002347399349967977268374451506
920574110150
8178033209078929205984699067193465535322378
112078
956862045575945205648434234400369
4860402308483691352
6831397540305936716640328986833312
7469038555566924373406390008637876891904139947838
989243293720948997530414294794430150453959117
9029920949692190942
45834610545587028159762898939247153439
8216165
651125008181325918790445595145178687748205341
25477816295681689863758218160344998139
604971767405635943734027968795128851648399640859
3464025841547
9089458876456230467078852436236
68673359930410841334434412481
71967
33883287950004671175683726921182211833
9853552706639
716431
74219527244863835410781861
73384
97897317446280166467105961660114399251393067487708
68161614102829201590519965055
1815586
3453508356102610798507223161421128021230675
81623
83040601386907193632758679139647565151590514264
4591839079322377760089471564236437932086
856062553902238
776509687648824
7176529676339552886783446540144419496344110
112987413937159153263128876
95996952
4639539
38433245
77393498494223279038028261483575184571036763
69582388573622917900571321596864109105936729
59293341878562775761031195966101106168547098371
4668527804777020493217555569043177591494875
91639214158184220832
88792557
546721111402657599551643906610964929112481672
178246509579588533744991573591052746954355564246
181618349
227101550906652242964096912896795
1779362070979742296451312225729844
57726623753178690992317414336263755140587
50733225240068969420
194769149
2291617578134048100296010216428632
165836428776717455216885071146
9182477559
9244680120267933147626252
51026208302751726
9535848145290908726156681514941180895
546640383657323030673560977550
5063542712856876580762283947771698102787136008782
76671024823253
90629584742551251449404678841463626951
586542526705457668459689129
7522492208553680236920756227041862371556123041839
78734737357980439
17899155840943472354739144246212174
95582043812210597225756376333282236795191653638959
3594727414898
38728328275810738839336438992980529
119014910065680169787889235644085616732032629
77436267634932821169752480802136691049340222391
286533132506063
6249538864641609134142863
11596029180253519342555673071749
8523338859822274705888716144520915416292488886159
12385674715
50408914
373077
4500024673294019500478581360829012
828020149590250433442008110611430
6067221479004312031741686956666348
9945038
19246814548711100585540264100174730060
68087331308775319442809481772198
116608664017259
1428615820070212449600551172
58478467745344583675533253713813202
7031903278199
13935842978837500456226165175169728763869
2643808506355185597645833116717572614
59356522
897185126156892113136134076679164704856383
9326377453496304239672895978897269837090
397596232062210210821718239
2575652337380180673823241596981
4905059373986287056923
357114828259002946790398621914619675
378557915565753112745694787898
647390079778019882966404684543072180181332
6755552063250735
8437032034062004445510439373648270552842477
358277712406154616401039946841803631404025
8836908388717163118418183185244874662360
9006462907
522145515837122041743119745
5355314216
95531018231388588858531441878101644209210720683
35057799894415074466479150449444611563084759198205
289746198941022818131832447828179640308008069417
56968083696523131348483545872884117613687
840321301122564222616428
6418943726143837097477
756410298422253721271967424143190
46408801
612713722523806695371279
11196
59140018767237071894944114110
21657688303881880766201
75708732923723702479508803
15277
1662397591169105742635674150650490
677412120668546306655010070888405837625727
434208894817232887734792726355635
76147828786258250164
7015478268077212
4063292962226534
4157359398408388391
1367777481245847460
106002107
5364729035966106929
53828845941276120727776
879719328251218450247185029590043
684365949
51391817224
48440022709715392609452
68098354367650326511750417
329989930285829665
24589133642018963333116562827234550768
839022203243748129050461222178
131869085130854180275673375321813
18260255483527731140
77654141817983882256748401247770241220
8846235889144988145
7183276738958401195044563577376464497
147620272094249809832
899071773056760068925595504407705310017588539128
3882277464157
69670077907885112032877726052819403489542
3935602338
24470088153
30195893220317653797488227290056875746140733657459
553059825286300152902777
233022320527
5650431626
29107715806619728564860439292886492
59733659020
4798778697525539045041828126970
107321185063581302883081247242671735946
7587918033
4116880640795073
9800328145922055290679952275927861102379928380
4980480511111
688740790308958800934935998472426205256045021
39026417150494723
8045721158087281674687960072719
915589103916722717611212880037
3553378799920
7573728640305058532381792709773484693206
4451020820469795
792377103994195294723375776179899891984118
15264931942
761888206
94206173448693
44293610062946427920130989637347999
25873580171184258201285020529430014265689507610323
40219728773913368963217161649
8270116063036891848782499019
83765265606490353898811175599504702738603599
64774081785780036569455860984
165737260815
74200775550162004141207256156947655113
7966312170983028258838246298964745
3250134743649249903002929450887128
5541511676649780591480227101
663408978414793796994168693153909944285862
74041182546384486180498122012628486645874545629
258971302
2792274318571202905922054
11383134560818660419429821985755725548843923190816
3986553020444
222678445639196804982062747
967358247492
71406325446942914467
9691985534220273798211625971459116632048529597
23098537325
248326538
182761612441
504130075279268906834444
3598539761230872830182141366418300562661758
43394018636944258258618561208777642
26660526101387064440048283148210
96246858823497857402501649717586616334692
292215158832198159116111270590450
2117844258336607762704
129654399284
7157213548451510891597592956613888563211941844285
79499180992023217255315505451884999
85890998685447163957484774788
17089
287088612061677905544338271
5759212205380128210498086797072620424497726382
3098414158156362496035476
29093627233191988275052664358056014835265992735785
329491060
5702364603024329510432911263276563
796484794
258162510555669275368869313477080998255
3387332063923308656696196105179
15897080860797612465472576
1121501109497623135742984946251084498
135846943862247
9054643763
238460083434
195812720254209941050
7438041355263877338670975
3983257482589141238719915357368320
1455463505822192447574
5295009877286353046145707
154562790628320200008010715773148389
71088011096671202124016523483079921
12009326755944759620463436347671
147829175933827143450
13012761056720
257175161814181815812433934339540133508853755
198495893974482465965465278
31513
73398163106135721799043359395
775589631
37934909809775143731319005
5036451824218733233626143819
37929124
96285805146785456158460884609693126434
5253176020484481680137225347
63535559774
78855450875
528839
12984029339597181096115838374238973911597542016614
197239117046167514208933049515180072932742
81574313831137371146153266876089370
222231413721757514307345210934392755209443
62579574544684611348498573286770042354889499478924
59362256092525306339828818096794912727148052
165877330
12629317825959
58582914590648268225480044760811044111
6863227948209784044108824
51573001898208079466295246550305124
10301512774307
78755674820696758230570780
44189480
287612
622038209307585473
784258655569806076500693337330727782
1329316
4108406758802626636875
177366677998280561323184
554131583777833688775005176285786371006202121
5242080634426
858647071315035192873775871
90383166900540168478724924838402734710247032060
896223172011879399015952430779328
203388985845648803316459131470645780831449287633
3494932938365688446
66374432647783023909467442248828381332650005
86464858371894884721527990459130796552652
876836870569115
3832554530894040308737592889448241
533310084928889
298520977419334335991441735080794013
150764055
577143143347537
1533912376920424027
3756040358437662759573364832232547520464845852864
501004775247165406935943929473250759001387020084
7495486183355321729185486831916273835461
39729269102691646983184697
360931850704854391926083274519331133330812
88844756396858485647
652154187909209964226027
33807523828568272514056
135754969955903512533318881200482664251859
5512107652010311624448039
390497628514112815
4825301802619404628
7294626438
6149917
7653871946084
53875416257805223390859560392
7668218144741
72348531333994526233
7907296069493
879550976498113193480206175072
880106110366464738
1737733480551964339
907475610189575632080110
1942951496470998085258992
340984
9294334608375579357850680431780172880149340
145939084308014348445395587
71807726707721511870586492126935181131528
741691126079926316152248257829559
38568
3473910924114078733489981229443278656780560549355
8595780319390484107964835350337249566624607487277
383168402410243356248
56281805887696735592085337109817384611849355606949
479424297932752310678347346
16834896332740362833575663322266510449921751965265
27837394595322768854293471149322193457147
6448105337989662898314578608747278367755509857
823679112506210
55570024234874518978703
4409125489961152542138772123
233888178739334
260800478632
61319
40921384631439223504052765162144382661412366077
126383536043
38281570110981
884720201101372132174594278157729493899438
52670145318846383534352664755387265744967154
882489632685854829718
146655047189708618468119844909005585143419
723163392774704878625530489012916626345786303598
730917706897631431562053790355747268
12642102850906019318060535839
497512420158157040303932598590945362322
7801005
12130383368947343355324591339299759783493835260
2849619557799996306455642024322973060
953803909348128585996210861013209
17186039806122
59284201470765605628576516903
1748766235132634
13148238097711537009559892994347
4199560702931038948894681879497592983
9564176336006468628555618437212561646278
6047594895688050577848955716172656709
587267160992149151947
85516940317810524035
685665296296504729564525772398056980367150106718
26803819157577037369085
4990953664733760492814522238
4557719181694944406276774500006928263219440422218
8960165856662113263942127219305
8814052044
97100865455914159091606083123551407551950840
7902773138173875
2368736203183270041776469131998461816626069
891161213898900256571266020131
467615457307219530563223839949714916
22777754492365
27826161268259584537278484386953148
453140411216217659196
9775617607922
81393149200182810993937796101671
5031137594
37114751260323376928486920348079459121999
3570096925305606206002788747856339433521
50190935919442190343547629874856
2316123750483365
34873590836
68027817746
5429866046019649727581661041199577610596582
62238402628334001527040021015630367
90636451779726639883326176266
286951352291186417610555815743910841050
1560494196120104343352
4159125204791412
11497357913197419619529289297436064319
32725819913458400045459998264427
38870221214728
35130147847432643546290579457773126723223558370191
