not secure
6727095091
89247592363692
956108441511990
69739515915403
3151293650930687708
1746131374564
546674295768377
70639106312
6599319980
29368941898193833061
43173512406805544
5010203710515
8571912987579963
6481107058940150
78477756750865522804
9507878790392204575
90323903578
88937146085848987
333579622441012229
4417151104621
53895090786977767
954874481544437
6310549714754
763003082907
1696965757738125290
4470231944547261
279962333581136766
187235211107753
5796917162421492959
62622185212273404013
95576141528
2850096364
267661826824814
87289807569174187
72282852681859
8931047626381
257555932454538
474792430407417169
5684721592745
208784439364
744203094857477
30494529284556
32500065054915
5044525131491399401
87045245503729161760
17358186502
7510564322247
69720340620398
953738309878016864
604522536433877736
144955048450315875
109036913323
3222455464728
175352866486729
2936506817834
78480689932464932755
79011242886691303228
235075857767
90402451739585
2963050712877
8046835442301
7050690347828
5311986020
5600091218022323724
41461569056
1888895221
3172228003
40821680269588519606
86064371734539674785
180902877633
40999547193
9339953394
1177968321680710
6956474718184720
30650407651
993622044049183233
508781019876565718
602479711864066840
30722741574863831571
5426242398599973725
5450633183601660
2172018255447652
2505680679281648
2324208682746856737
690842766682754726
941954652180
1516141900865
737938985487010976
27132148292378450378
330213905409
7065846974246665461
4980517189773
4410480232
28771819136
36788437775671761447
1887577072999766
113544671803435
571604148813388
79559259575075340
9290505240
8127459554306023630
5380506545
1405582942241
457247992638711903
69365930586
531256395319988433
39454417000
11040478677174003793
88617799349506
92240998128190305
