21
3608528850368400786036725
870792787441266181764351294257116304038
6471941
7316378353862934058278752209228152001230665364
565928144669481643496057372640176467
7724959532897
80710571295544959493841893585574189981345206
1325
66814479358109593277289912832886528
99970515609915393586970071465273059562
133998
382409759546653405941890389958254542720863374259
9799778759186921771882431564
95683977578187113295264340259100465549692660499
69323979768584664975
52262039858367086
213676
58588714082226628
5178592467
6217373142842633882
696085338005730
