not secure
3565439657403020807846525549046852306
7506631494406439525530453754
63
599260
88157062398695381533645095598684102
19765502
27082
96701334713559151828557075732752
8843109853321
82779789845478014
59
412182500913105231553238355936584029999
796630772724669720690456468808682238005
539029493729143814716
947805035121155567838204589863601543
6277603375154618624008520593479374636762
63893877512910110665144628835401
25
97
867279718118580490222522789933
4436540422294730132
86742294031
2746161785242979302258640
31599390427794734591070519234483944269
517249992698659812559508552323440389179
75367518244645879153414
2941165962792961463110616875228539514
2229910861923
9520554072792702849941
4417534923392805287669085209
22783779063070482810882400222248334
67944985742629077589
296660343676054870439879618810183145
45413
5218627922870445092245
1556007895805861381558552236590
3987737009411908770885335
17757278083008089556778429
713025895810207718724
572878
471784
1253
289606096362715905459853773547504397
431414433247799797
4378145341038478489818198118133911700
5668310238
36209202630949760361149
694632046
54466821154434381046
7920774751980544890698853375025236569304
9568
827718
453053603662681649890
36403656123560701278216023
73
798775996
551579050559460587440
7666880650421682322015940958566763
58289044812107936594992830574875
5675891121041
36088309554893580177112612747410
637256572752132338675225112081827653247
761300246162738710735692006199491254845
18095951989585489871564
4547393851937193414569096225729373
767452586026692644802374488
896468073553914457551
239997225968863322208167925536731
15749933
5005231890801438749144
595273789826528750204467348
9367451755933778663260816538011860558259
937074820
4539950353590275829971
683
9753918640
4198229476401977364980083622832
903653328390
33690545824587386083209165615
768812449413599440706568923
2162502968376793508675997668016
71459693650248904381626
240520988400427
477018045983616785081670898
94230882888665839442443
402733272728989756654304
9137033184750982877971
69
3071977832769279668686
4503499160039240016586751247
718870305196509188702
37531434576
25326181370721247272255977218139012
74378665010327370758517886167984595051
471225694073969522
619085
272894577
368
22132989656336
115133740660939012619761207099128
227829194510220324
377980835952865356097111126792
16859488
156
76481756636121130185551265177
9117
73641300888223256437072176030
425191307353528536669011883695643
4203385400384592924181051918874748607235
5131034149626533871
54143408092346732490233741615335969
6700315859167766592669768061185457682
721918254610952736321111868825904
409818
9209751005437462406254523213
885030522871798287915227308076702939
1025769643839080950609700275289395469
830672431189
8723483286060827624245543716516515
67135620584542210578710658965
318858765206758364139950
155916
197536759336765129653933772054
8738362
195229140569577636507681283021
861196315490890813287338173327
49501006844189510039757940329984198985
35984744780333444
13
75980888324343
8090291696153107001259675013130494
48412074531502
3800713290030544402987639194846
88819059
2564306194674879081965138193
695305767157280257568020780287
21023634331
92482223366
18456575231653532524779000667586
2201883766525
374432
47109290912027
82686
4283622
295153674480847878513167334882952
36135064984498782140075
74139148705672
5939354071335485586871312711
90340666073763
7506150590492057004232232248
290018512600628365340
8597278308551649
17007149297635196473041843962987
24708938729964133267
4611897127048678011936866915463397
875765621
838069825931
668953544570744382282
6068253703455356768240
703096062833415854039431
39469281376135982454532
11988471
6445363
301827966447876159888205289324798972
76006577598053561857122617
200533055178103
723949721258425705272920871579625
26041841
69888939499
2019810547
350690700630127
35018723960469449001169
56830476349960926299469546548563
5024345
5422199790366868232694433
78603964348055146524462118440565481
278078149845986578281953150005
440652043470023051891774335490688945
5170795343320209979695148960
87733003723656226233427246095201
6782896821778411
6681840965925212
7623278767902215570
35578922181550641190819533377130830496
93544
5045069019670458
4258437823187938445942190605
453409012017951
5943409775021031218316213665
18941381321069435492330740563
53
6040310760880617974812040166
170558260442117833823495839177948
6125514
24435869
6569973417749844352081729
8681687260
150109999316763206471294052259575
6460141656532605
3942974789986051
799609225346555469064996
55093523911431976314275179922211055172
616133963574528865420812
3227893
830854430
95
581201134590500334041857904171
96423
61413061390422022180723942824477519
6642962072925508921795818
479200923775292623713833159710903028
805504086935120324167831
58326769864591471
973120207
14282844936269186661583661226225726441
42158272687207573658524087274647
391815212417897479848877365932056527216
68824511403693510157439854927071001353
7925811326949540557572786
1544842937735222281159
9945282029520935144
47794191929294260
8972934657601820403259379038539538724
795446002
825426217749320015364929195
5564170915146455374324
65092489127309810279862949354807339
99920
70428488958452492443680085282659513
31280366104180183893567939157
68827715
7841111433714226371930
14196293331323117972401538239
36543975669657061708970488679197408
630365276471306675088572218
2722
2987836953254414110
16274420190019615180756505722088490603
32220868560859972673303607107
80006962617656989
3220306
385031216748
2435952996680526408134941174234
61037768362098937
808187980566817814519768189577
2561025469855795
57752132583118397684194738135501
889280484694335483
6723
559449050227690375060
10502754490685531313080648278412
83623031791538902
7687812451396971994808932131494256312
59716649785522375936797407
15153321472548652424551848
86599165140850918491439337229
380057902827118
381555123959379502671088702509400265
6671502334033613819563201459083
7288007
5706083922353
4825283999
642307737604998768
323
62967331909245264358821752845
90310355060687688976
187157434018548217012832310206225
822158245280323426086704492401697129
114740197560640313906
546722
921897981658
92614246443438816782196661578976616
931972014
359809134985640389
6120813719
24459062659868057829609379
171053461810977
67423646956746075234598927409249393971
354541986
676909537731545
6691837151553254640050644498724066
70766166690032409711728902169293720
9020339762760645783636099209
71
831640224669038
591562556097112276
368
87994654096095619659757937421811
140719098787930082945
212576814
86676676444727776464732
75599284392
56320517074369123248773972840
913297
1109502980990
3436071678907258751678704403
158253798644938515
254
1454283736982821167746
438403911514268456337679068168
39242230155609292
186639042
131274680883715578
675390629057536583547528353298161208
740929518
3322242294
56652973581499969722880301068387798
4822996771554685
153915956733
16953265323583624
1870297421483554972050051
543210300628872484
67859
5955485050168390204316561026897495807142
7698101431057182888128522285
52193111851207105865143223764498428
988946828978
508835281594864725243600724440626361
8547814355760603551004675700286
8702926300868293863666066
9965738507116918
123685960839702045575824796916
4460914078932154398
1498594812788326997860740861201768
91891497643379025819085738802624935454
178330488010650
19
61394322151
675
4457
9015294603214858447513398823039892829
172641241862419999652
26461920776186948163590428
99
2356145
7929142248431613897
4086123117616744909906796533744396538
59509617671905
341012172
61927551977792
78579
547682078
462550194537540340411787
40888616681899769517083804
978202707248
96491458467184789286796
12526980403405078742098935815498667950
707452364011070183851764780048
340448013144172768308945060011
9315401438884692258882422681279
1706908495395998976423226376512209414271
40280505952474889
50405879509778137846013047
58324965903
99402290833742459573887006
4962
6378023
1538261935
73643213577147496163878090408837705396
740300
28484980744941510538457
92547120986591756084772988
21153401257048950816078647935
5937844652784209476341225298
325301501028260986057108594021755027
1811388596296992896433677325199899992
62572837
291622809204388299399803764966
189119255944215934
172078871810558105577
38338654894180
65006921912172892944729321848
2367736109676548488768695378454195
8010614
5277043784668129749218840854710601
6149477733970740748
4125895749134242
4464078413084
9620958532598432903716078096
62890392032906822793
464864220642816466663304
93282319520791366113205034130
66821625493
80385
45273745009004038148297881300515960549
145745912281248436633
307311125347938617645
475369107510
1932
15
27383
3195443534507726813733541929804737
263984579523559119624797604422
4021036384884955710504797757735
192695100497098880
46911342030800680232
3902612652
78408717
255887157974886
964978020929223908274039
9340154473342757369221
227118481
28265261757
952245
6923637845208
2746941590455
2699133946620901836754736486868
36941814675462208598073771562129
377845130585564
990216865575436657779
384708935901866665580634440316766820337
366167788131655799425727149
155061198
410293957
83644875217
6412087287
4179939989460932329926529905198905166604
7886122351108889995299
90681247
71652481315746796265613120448587349933
78591835365186875
3879819611658447794708763403
24982678892845264855357809
43369086124079016054678092868754
1064802152322823520480
512692571235984482571947423721
70327975349541154876559145969
52365139472691714480948268886516
36378824011471367870100
2955837004257535426632
74537647832279997484084153883412736007
21935340
81673824166749076735318475
8697105464176
62669619554712920
99435958721568934838975314661975369709
5170187914132455396691086085975866604386
83658277198060936357782434
931551169994
560826145295909752902088819055297213
1207165015532772771780646740775888
9832352692130
546638176910334077052345834175606644960
435410894568700
12989852
74652497083550446322689587
259524
45089021210947260931096533
49030698231215695
19509094492622
6552537099709187426
7033439133233888455104818354780077
660012523415862
40479
8665751
284516038345057068410
91341537142228921711109995562078
20831096938473407432
3611914150932480627059
8846717
5838
725910815442347548503979846392519
197
948137976964238088730009
8537642920125240797405882847227909837371
55539718762606501992033605224852634
21
429281938967260222255830906241591368
9201183133747273426432012133772674
5874015
33994172956293543
24469280181515842
92530756152135174812776020
97172714313871335074643357151540
745952342373222283179956745133240896487
653827807
64825230261622969376977622481790
66485507810039
9155940967290243091919631123063209
6832438
4445671
69
752338883837682644970940304916
623189474492107688276057
7320038172110174280252079858155
38145642287
7320205221840241746182
88683764676508838
21031
761828561058
49386682
1058141888935604053259077808
759
65885
6343804587
806
76086447276405616611519
4909683960274630844053836715755822442032
6959743075799134080651281487
14494514275
4413224339408819369952533679374
872089313888051242
39
7798849670866627048292360605
149126614523044267799323466009445334494
7947053326269
5399124070633370667092
98573507863004915200547557565114
85079769601704757
412549618685965
2421591825634217795103
740
59999
28157
18747454527318063089127
66655345697672938892341954
698938836781603631423
431806080661896947121019028636
691
58189147384883
503
2642389496193802759
86984
433962519502392509917104
4299552853828580629434976157871173340851
2978717874247049753573026890396
277
576933
7140761294845
64213307183339511409329
8694354
10792245
577261687694906
31880172001552162489391939724273
583168043574128101454
2009522704880073108
94453305
787767050993868914579169308926455
7891937087045573724600385415
829187452
664220582004995948674146413360741368
301105926828217090729592871301
23
752327394985938609123352138583
42739861196655
31628721
71885698036461
7957754605461444274476516976745
308490718686258
9025086201950819855444
216322167
4427096604527129
5575105
22572878809627059525439086865
9250100747460778220
40133387328672498
8100016
176406912457061246973
75630
2256191642040513168866726
361680
515272355073006850093629343924
154047815718386473519107147266723451
25178442122415204657129651
18391876991206767540494617
686170679
311345162056805024617282318933738390305
429144474031066896241764
922712820660133325
1017647609632268050465635
8413166875475269691951397306412380282
60461764910
99399282913004942594836
30323759483057068848794028361393
407363884258829480032766351986746
756111452966467281946621
73314855802431690011737291
1524
832520378776601877081
90674318665813913
927776857280976
23782324689562421286691325183818759325
225610513579765476940
8290338579330837419768319080460574556
999678498336772
972052819
366959623
1398379739914109
6494324411487099603734880306359079450
4633932635354841750696967756869876400
1920267668082
64840891377
73362901570364534805820
1046161016906474268721523136
553868348277538423
427151539024232203696472373128727850264
31434197615344833
564830396621678204299469663757
6524073599537920
143465959794356817744141944743
8475209274419698125089100171660
5946389783263329582383549644023
7849504450831704296653196564620797264
463629898648911
11160
562594529681666728871
9930631559741002720785933964
62655502020345
5600254119314150358144082364
740723289133885
6075999215884439
89006233307955013384887345119512721
5385108832167
3588
195433372296652246900597404098702
78054094
65275326275253661475420
2247710036330034413
682128
4152547460668556982
81374935483605675003513152424189
8995858297869289942453716912568118847624
22543695787870882342
9816340962588133818981
179582503851838214
66821773194415580
8917505720944110469
9623674
931946709705
933
544718589463525181808
6216703278249127851633533078
55972255249778694640322
84867684042632235382502549008032459837
4747702436729463579
993515438338740
843936128527853879731246380766984137
10243916620642540088867146605
5166044432
94391714898617915342810058
9375994529729256869825435572367621951027
607478708022897639771207
8602853166318346056609626122
937188271451460
8486095934647838181682301447987
602
1893384742712028876498452255128093
112241879928736
89887
8963497152769034786034195544280346471818
48035371820126288170026096411
59197082019381419209540
62133058558
181441354479152430746948825678
43122880113055554711268459185077303046
11866651562062
142194320038296768318
72719263733896738131
56482449043892230127341640589721618
9221580779919381495795507955990
123559361512154360899138203151090348395
486019790626277005371937641
441830143873510181668941798509886725266
11914
64989515718
20374192
211580800835122909924894617617
97501679783337830460256132
75792728285519053
725733218159306
100
466125602809420414937468043027
927717910174
69485070696459274
594571421941501
806
3883861658906375979632214328
85048713694675829820579446733855
4660306987749452543772738652799973
524263472
29907367
4399519224709
36919089106
816543596770716568076864266
410217651582527
151652811414349550400086814
36981776130630340743
26079984
851062804130950163433117
33674852500414
730320255835197691422815861791
945275381
8671074517496
994693975303453
74177191724059
43296280134728812279
30044310
941
8005
732491245017717
3253577236447194284019695240901742
2870815925031
71896928655701189350328344159409388802
4129226957551514981156833705
95073155
53411485073415163
127158483931478889426759397871
4486565479379041114986099398676458
4513440439711728374582876857782947884
6435527005392540955238056049145037718
916990136035945468068769619416
63006694140088779897232785
660343699
52328001823225095
179841
49816125690374218674268532280487303
3236821504912011491067569
48058732424
16444161299001774749419458681714605506
210735284
12361625894642210345126
37422251478751909942560615880073059
908555
7131939150263
528421933
453007653750852715096544695880088045750
565452483988966499198453802
83870300342215071435
620788945496295186009374386928974240709
2004
59514012534583560906236614
3306064614057879019221
8028336
7607054440674706661
7125459290857951541591597632201395
7441422969383468861828312
2271667069441583338628688
842435198135061962653611646729780671918
982917644
248260737834810399
444899209629730107656406057198
28061939
2916
73683
422404181456
23873134955004515
631077845719790486707336518149061
91993901124321
72696
208474233052623090666566760533
1176605
1003542883053028125407442446339355
82708623628462124024739674369
431975159797474912624
76990913333196895
26763509400152707332
9969
7426528755794
312003384337045585669061332
2063657286200540705
18088291
54690293520791571304248019957196581
8873026289700380071244014783872593
955531918986947832
3509533402633835835402710692913366
583596272872135
8302656301526
87281399750549062864491135852145
49230538390170328535061847252
778921851409595458885295464196084555
1763507343318921936968164061697263352
76196
81030162188323125
1058076558211764858
489579931410293827449
894
2054723010950727810132925846
1183723347933020394973
594301820412844
2513822813763581852846462
770048575684615739
7032513
8190708565050761702
415571550056460983
9145165626341340145650336
676550125090978
53731
30081380957290182443036925977822233
208483293898
8705938
4025757218141706192861629630438
224960710350042303765850352322555
554166107866483185254011285997878962
36371098509207366429780975817543
424
7673852727930259302947382821135
4069983956024736635493
969504932145140
773785196655130700
223
444650674643194124020518
4558998511741592201562272360974205
578711988605368310830507999496529815226
9992815746431
648682096921413646062042371515102513
81371649335767304359329
6141161120914415433108190660338364263774
85110755167145070803070365456600
3565528502506335884322309763311826865091
690651841593656
2448107351528065992417547755057965006
64790426733531412220
56629
3593
8140
3041116385157
112692
27896740851526526383933707687638670
528843982006
7695112791423177450696539011088384
42461735380333209680346858299301547
683
7282
1768776341980012304
394853043124966982449604844675026569
5531673401067540812925897491890593525
55
2542163407754477345172
8302860930
34465575183746
29712842154913384740782102914
903677
27302019711
90510357990369240063
393299158705338429203513238
45095337948
456637437369802584453567321138418622
82617289193
6830703624
958580265602079948037164801679637052
60271166
4533499725614805791623723662672
93120313995861416
2195313300298103149403739429
6491192699390960712709336271940838
2270210139043914626888645746020542834796
270337186875916403704095391232990431577
3149230043735195278031826119686361053491
607380
655275286516673592039833898154130867
328903113139
956868955831759255655
214710387204
27567041355379
869508552376376105316585139018107
4927530
498897684202
6716492670961540175797865160495999
966211121102208853401499025991559984849
503795
68028501
186656918470422024824396707006201
254
10352094147117490221876325486789103
938443
2613606092652451883830
291027840517411728610
41684781383018003666348
757442855555699781929415653
31073383612517895611051235947055382768
3213576571683841395631161669078
37717328
5429463272646351521267175066270065232567
980198510617
5631390158537634939530718125238047555
6632086054617960635
69684809929344285150540803521628921961
56493519807075974942082268785187
8641864330924949296
825179132336432091
287280788353009388595898
845380714
832
9256244100698235
9385448963768098318166626
4126225372504064868098404902540
9653
49636905864993335625348
928533916793082
141336655433
45553637065
12807899535907317822479306
6675533585
9192635
98961926691924878
39124014563280521462889230438446492374
528210986164380817656045966183843252
8337868702827774373179322505646706
2135640636198577217160
1421011909540684975669
5053853350937274660250739852
360896708484
8818622747489
991719159675067589034113258023
85518526218503787244449451
673141589244982361248816371151
69493753721692864052650
6800165226636012562700245581786
10557702144270005500
253352781541682
546585307636231955862044310998682
96183250244837089787181522264371048338
763517848966856615091
57
2092340509752369908
3311
26166171289925510504678
3809044491407398956026012896707621776484
557887356167403983099529560
7344186281309
95617518457281829843164704692
2278994163668270442204366724719
26300451724910041516
3561856359575304310031
890532044565409205020738690
47
6119655418751412910
7526734974198710
7975788352328274593525673503427030282028
9632327621809175
8841785689550751221732321379341
13844298957
36899
35454519976070496
514434
5773281919236
2546080609097501314309
7322
6255292627974846
9360945614255164587532993993
3087239287671
46821997
48100
6147916813297084388906212040974940333
918499270514925070681390398
161849773459418570980919
49160125292182594138709
441909432257522394706922
6463
36422135834031716
821909002441301215853684573328379759
6331578156312279928
885296733
8752432570766745367494923295802853279
697
29704639
4422222008358895163494703984866
5912633
42363643515399822811352297148027659
20913665256025662400798982
237542632
817871062259558644703
5092283639811305054785070386250
43907670270672236177119882376259
3070462347599569029482
920
19483381266149
6864085385667047709341308563
6297032003
3511840451629956063114323483090
397659923905797
67413514273
2408925650694262012086348673610097157
329139348176291812045039892019849714
2332013626
55
71378
68326048229005781350450232103377737
80530736352076431973
280584434294406024953
853202684857512823351435263254057
6260581808184578488165960054391553186
50920980
32553106
331047
997269725184226912100017
620874930015149797166541125170869079
1555
31276680670659188765380862
3715828497953042107067341
95389702855
9579072759
12683394662440513827910748596458
79935513431377637348991421235
30175732050011905478190259
6917584743877850348728190149695127
6556634123
675173
767491624415723005710053724
