1000
143124966982449604
775026569894531673401067
9129258
59189059352509455154216340775447734
32730286093032446557518374661971284
10200056400000005670000000648000000024300000005670000000648000000024300000005670000000648018925
10200056400000005670000000648000000024300000005670000000648000000024300000005670000000648036045680
1020005640000000567000000064800000002430000000567000000064800000002430000000567000000064801416004
5740782102914180367721730201971148051035
13692400636293299158705338429203513238235095
10200056400000005670000000648000000024300000005670000000648000000024300000005670000000648028520400
9935663743736980258445356732113841862227
361728919325830703624885858026560207994803716480
102000564000000056700000006480000000243000000056700000006480000000243000000056700000006480261252162
470521502711667353349972561480
262372366267239831203139958614166119531330
9103149403739
102000564000000056700000006480000000243000000056700000006480000000243000000056700000006480363204
6491192699390960712709336271940838991
121013904391462688864574602054283479
270337186875916403704095391232990431577921492300
83519527803182611968
205349115073808555275286516673
13983389815413
96722
10200056400000005670000000648000000024300000005670000000648000000024300000005670000000648032480448
21313948568689558
1020005640000000567000000064800000002430000000567000000064800000002430000000567000000064800272582460
35565521147103872043175670
4553797769
1855237637610531658513901810
29392753023988976842028571649267096
1020005640000000567000000064800000002430000000567000000064800000002430000000567000000064802040068880
27579
6160495999986621112110220885340
10200056400000005670000000648000000024300000005670000000648000000024300000005670000000648016205448
35991
9484914037951580285017086
28470422024824396707006201015480
1020005640000000567000000064800000002430000000567000000064800000002430000000567000000064801892529
51471174
12218763254867891031838443516136060926524
9383041910278405174117286105931684781
1020005640000000567000000064800000002430000000567000000064800000002430000000567000000064803212582
1020005640000000567000000064800000002430000000567000000064800000002430000000567000000064800064500
90036663486
6744285555569978192941565399210
48361251789561105123
805538276872213576571683
495631161
17819277173289442946327264635152126717506627
10200056400000005670
623256728801985106178946313901
4763493953071812523804755
73208605461796063595968480
393442851505408035216289219617464935198070
84942082268785187476418643
19249492964725179132
46432091518728078835300938859589819745380714073238
6624410069823558
1020005640000000567000000064800000002430000000567000000064800000002430000000567000000064801864501
589637680983181666267312
353725040648680
5049025400865353963690586499333562534838285339167
9220413
10200056400000005670000000648000000024300000005670000000648000000024300000005670000000648022885896
4323555363706560280789
45907317822479306256755335
281926353889619266919248789
10200056400000005670000000648000000024300000005670000000648000000024300000005670000000648006045640
1020005640000000567000000064800000002430000
556328052146
1020005640000000567000000064800000002430000000567000000064800000002430000000567000000064803424507200
40438446492374
3821098616438081765604
718384325287337868702827774373
893225056467
69113564063619857721716050421
102000564000000056700000006480000000243000000056700000006480000000243000000056700000006480063252
1954068497566990846405385335093727466025073
6222608967084842781862274748978917191596750675890
102000564000000056700000006480000000243000000056700000006480000000243000000056700000006480165252087
102000564000000056700000006480000000243000000056700000006480000000243000000056700000006480108804006
902367551852621850378724444
551757314158924498236124881637115155949375372169
10200056400000005670000000648000000024300000005670000000648000000024300000005670000000648026485856
62650758
11652266360125627002455817864900557702144270005
13915335
1020005640000000567000000064800000002430000000567000000064800000002430000000567000000064802884569660
641682744658
6307636231955862044310998682986183250244837089787
10200056400000005670000000648000000024300000005670000000648000000024300000005670000000648004240272
3643710483384966
102000564000000056700000006480000000243000000056700000006480000000243000000056700000006480186858243
102000564000000056700000006480000000243000000056700000006480000000243000000056700000006480306006642
5896685661509104704441092340509752369908023115161
81289925510
56789
102000564000000056700000006480000000243000000056700000006480000000243000000056700000006480006456
5491407398956026012896
1762177648464578873561674039830995
66092963441862813096856175184572818298431
5704692712789941636682704422043
8247194163004517249100415165256
6635957530431003109366790532044565409205
102000564000000056700000006480000000243000000056700000006480000000243000000056700000006480084858408
48690037451196554187514129103652673
84198710996975788352328274593525673503427030
10200056400000005670000000648000000024300000005670000000648000000024300000005670000000648010800048
383863
1020005640000000567000000064800000002430000000567000000064800000002430000000567000000064801024508070
318091757784178568955075122173
313793412038442989
36899325
61997607049614144342477
381919236515460806
102000564000000056700000006480000000243000000056700000006480000000243000000056700000006480009606321
60131430906322935255292627974846683
55614
1020005640000000567000000064800000002430000000567000000064800000002430000000567000000064802252525
1020005640000000567000000064800000002430000000567000000064800000002430000000567000000064802288589
1020005640000000567000000064800000002430000000567000000064800000002430000000567000000064803092042430
39939932208723928
81193682199709381008514791681
102000564000000056700000006480000000243000000056700000006480000000243000000056700000006480102858
18438890621204097494033368184992705
102000564000000056700000006480000000243000000056700000006480000000243000000056700000006480147258567
607068139039850
597734594185709809195939160125292182594
4870953419094322575223947069220954633926422135834
10200056400000005670000000648000000024300000005670000000648000000024300000005670000000648004285288
97219090024413012158536845733
479759453315781563122799281785296733877
5325707667453
59492329580285327905971197046397342
102000564000000056700000006480000000243000000056700000006480000000243000000056700000006480084858489
18358
616349470398486619491263383236364351539982
1020005640000000567000000064800000002430000000567000000064800000002430000000567000000064803092581
10200056400000005670000000648000000024300000005670000000648000000024300000005670000000648014445088
3971480276596109
76525602566240079898
237542632499
2787106225955864470379409228363981130505478507038
6073390767027
102000564000000056700000006480000000243000000056700000006480000000243000000056700000006480282804489
102000564000000056700000006480000000243000000056700000006480000000243000000056700000006480120858
87119882376
10200056400000005670000000648000000024300000005670000000648000000024300000005670000000648022200032
3070462347599569029482082
102000564000000056700000006480000000243000000056700000006480000000243000000056700000006480000006
93381266149658640853856
5770934
40856329529703200372511840451629956063114323483090
1020005640000000567000000064800000002430000000567000000064800000002430000000567000000064801052522
759923905797295741351427389140892565
102000564000000056700000006480000000243000000056700000006480000000243000000056700000006480363258963
1020005640000000567000000064800000002430000000567000000064800000002430000000567000000064802408520060
10200056400000005670000000648000000024300000005670000000648000000024300000005670000000648000000
186348673610097
102000564000000056700000006480000000243000000056700000006480000000243000000056700000006480288804807
3913934817629181
102000564000000056700000006480000000243000000056700000006480000000243000000056700000006480165252087
99201984971421332
10200056400000005670000000648000000024300000005670000000648000000024300000005670000000648012005
709945061378985
704822900578135
55023210337773747053073635207643197394180584434294
102000564000000056700000006480000000243000000056700000006480000000243000000056700000006480264402
102000564000000056700000006480000000243000000056700000006480000000243000000056700000006480066858
1020005640000000567000000064800000002430000000567000000064800000002430000000567000000064803664565
47753202684857512823351435
732540578526058180818457848816596005439155318614
309801225531061231047589726972518422691210
1020005640000000567000000064800000002430000000567000000064800000002430000000567000000064800212585
995208749300151497971665411251708
179005556212766806706591887653
72592715828497953042107067341285389702
65285790727597902683394662440513827910748596458669
455134313776373489914212356201757320500119
102000564000000056700000006480000000243000000056700000006480000000243000000056700000006480144858240
290259895917584743877850348728190149695
1020005640000000567000000064800000002430000000567000000064800000002430000000567000000064802824565670
65663412315751736667491624
102000564000000056700000006480000000243000000056700000006480000000243000000056700000006480060408882
823005710053724531164289382646559357939787138440
31137574508307
83483162478860948987220761681694579631963
1020005640000000567000000064800000002430000000567000000064800000002430000000567000000064800848528010
772092333096077541246268134
17018759941770073557538963478
886203131970225280426225049
533984409
1020005640000000567000000064800000002430000000567000000064800000002430000000567000000064802012523
102000564000000056700000006480000000243000000056700000006480000000243000000056700000006480360852
69580096016899355895440
102000564000000056700000006480000000243000000056700000006480000000243000000056700000006480321606882
102000564000000056700000006480000000243000000056700000006480000000243000000056700000006480261600723
22892180456641753788201660
72690347596
6244264077502
1020005640000000567000000064800000002430000000567000000064800000002430000000567000000064800660067
50544606240756552583
3911324428938959802162209956938583403
1020005640000000567000000064800000002430000000567000000064800000002430000000567000000064800456003270
92263271646798532408543793955592821940354064
10200056400000005670000000648000000024300000005670000000648000000024300000005670000000648014765
61195169977110043874515815203460253148
10200056400000005670000000648000000024300000005670000000648000000024300000005670000000648006000000
900552876988
102000564000000056700000006480000000243000000056700000006480000000243000000056700000006480081204480
7766930845757061884195450405517283295
119430448374489687935490
10200056400000005670000000648000000024300000005670000000648000000024300000005670000000648028880488
102000564000000056700000006480000000243000000056700000006480000000243000000056700000006480309252
56468821081404144457288890
1014972095878166447002164
1020005640000000567000000064800000002430000000567000000064800000002430000000567000000064802228529690
2676231222629911730328713531354433349
102000564000000056700000006480000000243000000056700000006480000000243000000056700000006480267204249
1020005640000000567000000064800000002430000000567000000064800000002430000000567000000064801084085
1020005640000000567000000064800000002430000000567000000064800000002430000000567000000064801680009
9799638128554811899463472655700760424
37996915
5011031118366900699940830854026
102000564000000056700000006480000000243000000056700000006480000000243000000056700000006480267600402
33084177125362553058214156307304
10200056400000005670000000648000000024300000005670000000648000000024300000005670000000648006960680
6469003630018850551
1639531115935774510781262750
82167458393
844510403570001840331501391234619068332
10200056400000005670000000648000000024300000005670000000648000000024300000005670000000648036965
933522780812185501906302064
57621868290995359987156509333949521
10200056400000005670000000648000000024300000005670000000648000000024300000005670000000648028560656
96232
170611036125147071610053
520104180036826984050418975218026
613375827303025857894
8530473838056051952182657700877661523151
1020005640000000567000000064800000002430000000567000000064800000002430000000567000000064800428521
1020005640000000567000000064800000002430000000567000000064800000002430000000567000000064801416004830
8269448147249772615581992404
102000564000000056700000006480000000243000000056700000006480000000243000000056700000006480087258006
46959037304559973019
34981290210296640981
102000564000000056700000006480000000243000000056700000006480000000243000000056700000006480363600
10200056400000005670000000648000000024300000005670000000648000000024300000005670000000648024320
2918759092289707828281885438239800460822
1687606438001903508371905116649374
876858593022765870308304953793154689302060
1856013479980577803353133901863931314
10200056400000005670000000648000000024300000005670000000648000000024300000005670000000648012045
2467277184749455515958760604
2257966495364824905346136302
444016096159701905804552109338158068766
1035550239531791468338261501100131405266869806743
28885678
43723005047003415673977149932015288657099367357171
1020005640000000567000000064800000002430000000567000000064800000002430000000567000000064803480003270
1020005640000000567000000064800000002430000000567000000064800000002430000000567000000064800216001
88340594949263318482348820579
9716240
69190285045858059634165055875206072093120461663466
10200056400000005670000000648000000024300000005670000000648000000024300000005670000000648034285888
1020005640000000567000000064800000002430000000567000000064800000002430000000567000000064802852523
1020005640000000567000000064800000002430000000567000000064800000002430000000567000000064801412049
62919142638782402934
1020005640000000567000000064800000002430000000567000000064800000002430000000567000000064803484560
45706858386
61469231665771160284295773319756763353732
10200056400000005670000000648000000024300000005670000000648000000024300000005670000000648020165488
1020005640000000567000000064800000002430000000567000000064800000002430000000567000000064802616
746048347530837636340
24201516737990951
489251401131288018343921400452
477861599468
278855297919779393691310169434097314883965
91230324702121127087
23007715480634422522895393851853374591840200
1020005640000000567000000064800000002430000000567000000064800000002430000000567000000064802404509
631999882
115805753862
1025665139022403752781466895881372581700278
406159682912
50014300744723917067832270
380616213880922351346256127999
102000564000000056700000006480000000243000000056700000006480000000243000000056700000006480285600249
608851210542144
1020005640000000567000000064800000002430000000567000000064800000002430000000567000000064800872524
538895243968723904226158176073
9588261632865786
8191451502297721390811512068839894266049716173
7213944883562862802794484787543
1020005640000000567000000064800000002430000000567000000064800000002430000000567000000064800032580090
10200056400000005670000000648000000024300000005670000000648000000024300000005670000000648026760608
8039897508459329338841251725693569
1020005640000000567000000064800000002430000000567000000064800000002430000000567000000064801476540810
1020005640000000567000000064800000002430000000567000000064800000002430000000567000000064800848584800
46068886202638351514717169579580015787324025008
282445935387392138330082898576106342793564533479
496035353938234533135767597037897718
1020005640000000567000000064800000002430000000567000000064800000002430000000567000000064800424027260
1020005640000000567000000064800000002430000000567000000064800000002430000000567000000064800008584020
102000564000000056700000006480000000243000000056700000006480000000243000000056700000006480084450321
3383807377727664692736153004390464
1069784095359744834012909671829274497057
445019575319862937733614986475762581807
30857
5789169619119962607671978
5601420853643497119764557896563
8803744412445420079990107125386807107042
1020005640000000567000000064800000002430000000567000000064800000002430000000567000000064802640
6258339654115
25270943011792875228645440907184088479050609036
8327538224959901392848057870111001752069
102000564000000056700000006480000000243000000056700000006480000000243000000056700000006480180456084
21514033400536655836738472021225686
5270410081353675480086249237773780
86530702497247420306281233523549177635
99637186287402916555932668241663779145946727
325791184204668692
5382826272689762141164623469
330151811138472634688509904717
102000564000000056700000006480000000243000000056700000006480000000243000000056700000006480120804804
102000564000000056700000006480000000243000000056700000006480000000243000000056700000006480366006483
18531256783883200418
10200056400000005670000000648000000024300000005670000000648000000024300000005670000000648020485240
87516075046005065026257554806187
102000564000000056700000006480000000243000000056700000006480000000243000000056700000006480000054882
91795126329548063698723780329664241215180535125159
521530581078926353282876
10200056400000005670000000648000000024300000005670000000648000000024300000005670000000648010565
1020005640000000567000000064800000002430000000567000000064800000002430000000567000000064802072527
8733170267919228943639613036622628418073267
59049
22604729373263034674754731689599273924
1020005640000000567000000064800000002430000000567000000064800000002430000000567000000064801292580000
1020005640000000567000000064800000002430000000567000000064800000002430000000567000000064800664561620
492820096907301767330022673455
102000564000000056700000006480000000243000000056700000006480000000243000000056700000006480369204084
7480396
272345164677398747918270397511401710
8453070460805288680760171751087512
6657127209119722636107520285078574
81381372106080538531776011499206
2475001078951675237624107107227004407111046
88939138769392917192808091975606587158493584047349
10200056400000005670000000648000000024300000005670000000648000000024300000005670000000648018645088
47756787872
61120
1020005640000000567000000064800000002430000000567000000064800000002430000000567000000064802048
58986962077167241
1020005640000000567000000064800000002430000000567000000064800000002430000000567000000064800604088010
1020005640000000567000000064800000002430000000567000000064800000002430000000567000000064801296066420
41190513822884809907928953834982243255701197
2158347554385682613679061773278
91448361087986196250728581224105300740844742841
7446263745901599
29551506464145
5498589297
1020005640000000567000000064800000002430000000567000000064800000002430000000567000000064803064504
2396704689248082892813142263650
2864876301520450366779
848154251940301270488551
1895027971789375
360118818887252292395929370030706107096
9474819951497924799277853150660660308
134887313164499300
10200056400000005670000000648000000024300000005670000000648000000024300000005670000000648036360056
593739392780342705686
99750832734806944596151155898
10200056400000005670000000648000000024300000005670000000648000000024300000005670000000648002405432
3923853550667009777092023165371015002
8669008903221640620451514104570268462408
1020005640000000567000000064800000002430000000567000000064800000002430000000567000000064801444088
725057889905443422099
47363567390409129235378775334723318519439574
271604
7397374372
1020005640000000567000000064800000002430000000567000000064800000002430000000567000000064802432523
564317969980098
102000564000000056700000006480000000243000000056700000006480000000243000000056700000006480141204240
83006384699673221720108140540434246836177261132341
10200056400000005670000000648000000024300000005670000000648000000024300000005670000000648026445040
1020005640000000567000000064800000002430000000567000000064800000002430000000567000000064801804
102000564000000056700000006480000000243000000056700000006480000000243000000056700000006480087204888
78074649425812549958853204629936178175676
148811128625863009204315
10200056400000005670000000648000000024300000005670000000648000000024300000005670000000648002400600
1020005640000000567000000064800000002430000000567000000064800000002430000000567000000064803428588070
102000564000000056700000006480000000243000000056700000006480000000243000000056700000006480360402
102000564000000056700000006480000000243000000056700000006480000000243000000056700000006480021606
36196957460811574809029413634751764390879967
1020005640000000567000000064800000002430000000567000000064800000002430000000567000000064803096
929767939958232715939
102000564000000056700000006480000000243000000056700000006480000000243000000056700000006480264456000
1020005640000000567000000064800000002430000000567000000064800000002430000000567000000064801476001
3847179984
102000564000000056700000006480000000243000000056700000006480000000243000000056700000006480126450
4572568240800637791780
58513760
249004522
10200056400000005670000000648000000024300000005670000000648000000024300000005670000000648032400016
13846769544379692729
2541328539813672945303546325477920223097332089765
99975975381223
69418657671830714515
6120951
91805840524075963848233
1020005640000000567000000064800000002430000000567000000064800000002430000000567000000064801236
68911299556928992615798581234270612686
10200056400000005670000000648000000024300000005670000000648000000024300000005670000000648030040800
8084611215471702172136714421780349271619
40040295898800885873838112501834872
10200056400000005670000000648000000024300000005670000000648000000024300000005670000000648022245
7942179
49947232758704025915120763
3805289988969057024
75183217868729444378228332879553
10200056400000005670000000648000000024300000005670000000648000000024300000005670000000648000320416
45249
259737440973192
1020005640000000567000000064800000002430000000567000000064800000002430000000567000000064801896540030
9228677890603793340814020702295526181698412
1020005640000000567000000064800000002430000000567000000064800000002430000000567000000064801860000840
74835995200541259110900332402077023792276129
296905568118227738065716887412837273620
987212
9347217970883160840232
465829933979029483345054951288886743
10200056400000005670000000648000000024300000005670000000648000000024300000005670000000648006000632
1020005640000000567000000064800000002430000000567000000064800000002430000000567000000064801052
126963232532620431935401
6972170256259823268633261844054531318108106111
1020005640000000567000000064800000002430000000567000000064800000002430000000567000000064801024088
1020005640000000567000000064800000002430000000567000000064800000002430000000567000000064800456003
6476747
1020005640000000567000000064800000002430000000567000000064800000002430000000567000000064803240008010
92102811021956400515
66576777132417829045881352442994548
1020005640000000567000000064800000002430000000567000000064800000002430000000567000000064801416004
912020737400647093555080428184001075552542
38815099615
8315911975
710658525487336351718393340645414757072725
2232948351323768242804061909167217
10200056400000005670000000648000000024300000005670000000648000000024300000005670000000648034880464
10200056400000005670000000648000000024300000005670000000648000000024300000005670000000648036600648
1020005640000000567000000064800000002430000000567000000064800000002430000000567000000064803660
2384719884145552025227
34567277483438957776070
317403767473298321176175
695713893128565
5876946485320
6105192224002660
102000564000000056700000006480000000243000000056700000006480000000243000000056700000006480006858162
54153560706565729678018468455704016552
12137253995841560239410836
804076622330739020521418703
318359425448434684
102000564000000056700000006480000000243000000056700000006480000000243000000056700000006480126408
58441133034329190282580476409097426730437358029
85988
4056914088706864273231212752573490030252
8192053876727392512082092973926
58641264442156552925121047012408506812112
54124184901421159793806377204
2985230011992154763667301137603279089849128635964
11015528796959041533
636918964482603540361
5684744470375235813898666183947282594
85371690221356902114697723185429224512189382
8796201906167
1020005640000000567000000064800000002430000000567000000064800000002430000000567000000064802672042400
32322094124795292751255686897083
2550770408669157241304156496006197688
88755799721992593399971825765739354303003940957106
799095720815303520200260065894829942660825
8812692222926336670393067794033612254
10200056400000005670000000648000000024300000005670000000648000000024300000005670000000648034560632
102000564000000056700000006480000000243000000056700000006480000000243000000056700000006480243654
102000564000000056700000006480000000243000000056700000006480000000243000000056700000006480027606807
89608492499117598950101045631724351
8512101847662104194232919831726796850
102000564000000056700000006480000000243000000056700000006480000000243000000056700000006480204456969
98583323560017865607423010755611793279
102000564000000056700000006480000000243000000056700000006480000000243000000056700000006480003204
509676680351680628598529694039519145489357
6016522290880548896625075273902397370
97343966312654909292319169817722
62061026843072099473171
1217387117907876166084902901159409994342906815667
2620885292224711
5200900925
5331709195
102000564000000056700000006480000000243000000056700000006480000000243000000056700
4596721292457168583647928725863646822803522
102000564000000056700000006480000000243000000056700000006480000000243000000056700000006480225600
20819899542659043667398081
10200056400000005670000000648000000024300000005670000000648000000024300000005670000000648014765472
10200056400000005670000000648000000024300000005670000000648000000024300000005670000000648024925272
10749302209098042357315492925806755871500984514
102000564000000056700000006480000000243000000056700000006480000000243000000056700000006480225600408
1887665173156
90031791547224225
64695092077931
88598912820345253793132468795
5920252717914633330437542980461137190361580
97748126650598942050660855493695980964
67562655942239603681221225001
263649917749167533841716000443893520882587201
7518925440250254215726156951315926693309824846
1020005640000000567000000064800000002430000000567000000064800000002430000000567000000064802256067
360831478345201379180878554601340641954788959293
7056716156677606343923109972353
100561715103561895537602689026179956967906757060
102000564000000056700000006480000000243000000056700000
15602548940630747807517292889
78065124243887944597745434
102000564000000056700000006480000000243000000056700000006480000000243000000056700000006480066402
4417691384514785303978585800983591257854217661
874700874195520522285960053094801
236638304378804717015080486619268
10200056400000005670000000648000000024300000005670000000648000000024300000005670000000648012965
557084202949516316287680703656739993
1020005640000000567000000064800000002430000000567000000064800000002430000000567000000064802824026
449456810077760547426810194086570302875
18500782835978359782549323663772422585
9030459835887615
78013090305228588752614912112531667484457
911220748211689573
1020005640000000567000000064800000002430000000567000000064800000002430000000567000000064800632529
102000564000000056700000006480000000243000000056700000006480000000243000000056700000006480360450567
102000564000000056700000006480000000243000000056700000006480000000243000000056700000006480147600
6299148406
5850978435722147149946892252985091
2247889712355107915
5911888677854929505918638863074239377584221708
837286818619688807929197566435
102000564000000056700000006480000000243000000056700000006480000000243000000056700000006480207252
2860024259023820291806486
6429064500531495
648310670173510168561243699849111592
1020005640000000567000000064800000002430000000567000000064800000002430000000567000000064803636061
29523771352267454261491697517662777
9595539581066
963077648484034
1020005640000000567000000064800000002430000000567000000064800000002430000000567000000064801440000
879990198034
43233605498134996673252480985290501867942
637410935051689
10200056400000005670000000648000000024300000005670000000648000000024300000005670000000648012645032
314531781251916579861956809233792522421
102000564000000056700000006480000000243000000056700000006480000000243000000056700000006480102006
1020005640000000567000000064800000002430000000567000000064800000002430000000567000000064800812527200
28078658624364363230616074327
10200056400000005670000000648000000024300000005670000000648000000024300000005670000000648024000080
10200056400000005670000000648000000024300000005670000000648000000024300000005670000000648024685
4782751507
1352421608007139931938748425
649659262472861073118122044816451
1020005640000000567000000064800000002430000000567000000064800000002430000000567000000064800456003
3436600660041362
1020005640000000567000000064800000002430000000567000000064800000002430000000567000000064801652
10200056400000005670000000648000000024300000005670000000648000000024300000005670000000648034240808
64554327836662185029586489874324876821081
39275993854145775109948141996498174
175008233678469357815581133613462853500228091
28427166795271258203556550
94874172311
1000550334922578684091203255089396278026
7577163943224943775226781211198644081538485
17296726022124581182391405717934994637169881204803
1020005640000000567000000064800000002430000000567000000064800000002430000000567000000064802284081650
87178959718064050659185757961565653323774581231
89227442650080685985401489184362461812709
1020005640000000567000000064800000002430000000567000000064800000002430000000567000000064802072044
45655712226808133720847718226354053504564305
4244643836240242954788293691709261883
10200056400000005670000000648000000024300000005670000000648000000024300000005670000000648004285288
7272183831257327675464520163064574373363927900588
93138871427118238487490563121283
1020005640000000567000000064800000002430000000567000000064800000002430000000567000000064803064021650
331338096399708297899452038711
428313043183140941073254825995671893364
55553553085106629
967314363811645
320331374866
86977
102000564000000056700000006480000000243000000056700000006480000000243000000056700000006480222006645
3599138903945576497256397039978833404207609647
9265957631
477564044039998452
96534870651348045692348316
102000564000000056700000006480000000243000000056700000006480000000243000000056700000006480204000561
7745614417010945918451056523766049643626105
550690673091732336084529034925
621592421794698149713705320365435922383470415
40768865333191632686107596835
1020005640000000567000000064800000002430000000567000000064800000002430000000567000000064803632526450
813924126509053706463232810969761130394796198
75559566
7462481154350654237884651353434587643124624
47996266787454118805165034856710031677
88323356
1020005640000000567000000064800000002430000000567000000064800000002430000000567000000064800272582
240268
7990909100378013231490163441654940220720751045754
473193944799161786800893475189822984219860
10200056400000005670000000648000000024300000005670000000648000000024300000005670000000648000685256
509517974191173797650895527486820982138685741853
120943174255510742123
1020005640000000567000000064800000002430
1020005640000000567000000064800000002430000000567000000064800000002430000000567000000064803696541
1020005640000000567000000064800000002430000000567000000064800000002430000000567000000064802040005
61361658574378371887443979
47491678
970420419889036664654
7234928113948076438583619381033187913367687
102000564000000056700000006480000000243000000056700000006480000000243000000056700000006480084402081
92040744099268620588414033850406445585142459179
58198825137682643432417312480
31955810591832227280860829321553788488
10200056400000005670000000648000000024300000005670000000648000000024300000005670000000648000325240
1020005640000000567000000064800000002430000000567000000064800000002430000000567000000064802676060
497149810175791
57067991
942183142109109212680
780341144308544799918903521092044308947817926
1020005640000000567000000064800000002430000000567000000064800000002430000000567000000064802228522490
1020005640000000567000000064800000002430000000567000000064800000002430000000567000000064801832049630
705417
2049620323611469614739521806346919436499
7475329435238955821024546
69559214987963099989957876099
1422201102
69295550167152564498227683326370708186993386474
15911412
102000564000000056700000006480000000243000000056700000006480000000243000000056700000006480309606
47808444283
5938497
13456197562639880967048723295177513136834823
10200056400000005670000000648000000024300000005670000000648000000024300000005670000000648016885288
31406601544535343844158268755
97160658234204470664272598327
207429261886
1020005640000000567000000064800000002430000000567000000064800000002430000000567000000064801656545
44233299299978756326542745967307626375743
10200056400000005670000000648000000024300000005670000000648000000024300000005670000000648028205
797930
624244408409608314801540624
16629757037732265662964405446408331572533
87363621659158912414704661688791454165361391138455
102000564000000056700000006480000000243000000056700000006480000000243000000056700000006480300006243
68953848079824066705668556313719024440898703562
1020005640000000567000000064800000002430000000567000000064800000002430000000567000000064803068
253614804972402064603
296306940708231043530
660704657283357497495909
78792523770087299
947596816001288944981
10200056400000005670000000648000000024300000005670000000648000000024300000005670000000648032125824
543770700
361617339144887828920330118432633236
96026583
1020005640000000567000000064800000002430000000567000000064800000002430000000567000000064802676004
632782231918547196295988930061733268314
1327370418766787
424062
5501831198101609843
646238459987221414966152718950627280
2797944837246790206074430265592452652080680109318
82720503599327296533266339093851952614
7498397402989990684049720303
1081129580017349
695525826903604210969
10200056400000005670000000648000000024300000005670000000648000000024300000005670000000648018325816
6047968377814892003990636386
2802385012
91533562814425919217644767931767112226221351
4052765019654185777684
727271089178022819762988049428093351078592
919441206449658628010101279757885869847661707426
70492676138
1020005640000000567000000064800000002430000000567000000064800000002430000000567000000064800420548040
102000564000000056700000006480000000243000000056700000006480000000243000000056700000006480084000240
71761134457340721334923
10200056400000005670000000648000000024300000005670000000648000000024300000005670000000648018325816
1020005640000000567000000064800000002430000000567000000064800000002430000000567000000064800840541
1020005640000000567000000064800000002430000000567000000064800000002430000000567000000064800876003210
73837905948671853212822142959687207
414333261017296066949521393328952101
3129953
179648512167768801084
92624538701368319463816237685
10200056400000005670000000648000000024300000005670000000648000000024300000005670000000648020760696
7366584932684291901328248905732988607853363168
1020005640000000567000000064800000002430000000567000000064800000002430000000567000000064802400547
33485748443946910769118000206777817632681937
143952791534974655671515943946035
63541924141429007954795182414926886902114528241
73448140690038747833734798
779486360199
43114249330426537329743664246342236218150130106423
593082082140952
91387522235085379338157046551873600
1020005640000000567000000064800000002430000000567000000064800000002430000000567000000064801268528040
8427828929
28660644787331
40905164924115042956709728258848487046475561
6614219883405746111371736366159004328682
95546346707632851223680990333260526796387398634
4542861443362276254
832691767445204780093457128069740187596612514339
54733660686046390721
1020005640000000567000000064800000002430000000567000000064800000002430000000567000000064802676004020
2022208477510116596062334039839611875553482
53117272052706572812244188955933637789290
38447802750269913520643907326
102000564000000056700000006480000000243000000056700000006480000000243000000056700000006480288804168
102000564000000056700000006480000000243000000056700000006480000000243000000056700000006480126456
32533258476448777210483216411562
102000564000000056700000006480000000243000000056700000006480000000243000000056700000006480243204
16836161
3934729822313538729491865182091750
5613617308107871667131183210913157565314054269478
1020005640000000567000000064800000002430000000567000000064800000002430000000567000000064802820064050
1020005640000000567000000064800000002430000000567000000064800000002430000000567000000064802224084
102000564000000056700000006480000000243000000056700000006480000000243000000056700000006480360804726
7558499386
87568703802866995275459172925145892
423208075554300288769768
426817194
7019480452201907
540526058187403791703127697077846803320232
327394180815474112450921645845705616
41794167839308841719213987848139797878929952
102000564000000056700000006480000000243000000056700000006480000000243000000056700000006480144804
10713180713781851397154363259745445415720619904454
7891323861
102000564000000056700000006480000000243000000056700000006480000000243000000056700000006480381252483
466090156598575
2315669601953066032406376866890294799747847
3435998
87693366242210886640267205932
10200056400000005670000000648000000024300000005670000000648000000024300000005670000000648006600040
75087409625168076049507591104
96900822835042828795676950719281935812
261335982791
10200056400000005670000000648000000024300000005670000000648000000024300000005670000000648008125832
1038894162598500499202806358187
102000564000000056700000006480000000243000000056700000006480000000243000000056700000006480246858003
822105174602312090709145018439
8978522821856482769522276678164
22258455890533565329437966235776783034863907470
1020005640000000567000000064800000002430000000567000000064800000002430000000567000000064802436002460
9368116616890624784396172978971667722840
38686607492
4397633490492675470314100
10200056400000005670000000648000000024300000005670000000648000000024300000005670000000648034525216
1020005640000000567000000064800000002430000000567000000064800000002430000000567000000064803212589600
5371421440072
70927286269112572
150538015950444169470709197858950267635489582192
16356561175651079
10200056400000005670000000648000000024300000005670000000648000000024300000005670000000648030920
515951756271542
26831806443555557857417954627565188397610298462998
1020005640000000567000000064800000002430000000567000000064800000002430000000567000000064802256004890
6515227174030943714889974757788527762974375581
102000564000000056700000006480000000243000000056700000006480000000243000000056700000006480147654729
579900222819508510023363740117536183191192
67589234090992005
1020005640000000567000000064800000002430000000567000000064800000002430000000567000000064803696065
59387573606326708566048821781538877863
1020005640000000567000000064800000002430000000567000000064800000002430000000567000000064801472
10200056400000005670000000648000000024300000005670000000648000000024300000005670000000648006365400
16216596
758131
28591024859342101468
54218860052928562996862843091514635468461023725078
70962295978459
6010451382690446556112
842960889416276
187017284839998750354376
768186103966
1020005640000000567000000064800000002430000000567000000064800000002430000000567000000064803456
40113826845161127180236221384870458190402
734273971460768796871433854993
1020005640000000567000000064800000002430000000567000000064800000002430000000567000000064803480003270
788531083158921042842649561044808
701466708644103591068755881906934
27385026524861281979535628840037112271573
3046931294928860483764044116975249679751243
7466277053615176704101910036980112341
62150506
9965271
493729285749846041814327480088818083109717899051
924252185142
1020005640000000567000000064800000002430000000567000000064800000002430000000567000000064802256067260
2986980097048401472889475822451
102000564000000056700000006480000000243000000056700000006480000000243000000056700000006480105204
73926606582699248363983768283791907300793619
456227225237363958548297589404923359369703
16511826965519139934374813483147593079
16212459301431
7582510771
10200056400000005670000000648000000024300000005670000000648000000024300000005670000000648012325200
55291312813
146493649074786367449607256399083388
9061427052403447496183701059865944
5221475060006356669
584313897419314178995429143239684543517
515079800754833542945690431844
1020005640000000567000000064800000002430000000567000000064800000002430000000567000000064801232583
33346775993205
1020005640000000567000000064800000002430000000567000000064800000002430000000567000000064803276548820
1020005640000000567000000064800000002430000000567000000064800000002430000000567000000064802616063
6158359706706626148104030635
10200056400000005670000000648000000024300000005670000000648000000024300000005670000000648000005480
102000564000000056700000006480000000243000000056700000006480000000243000000056700000006480189654723
565804105293772
1020005640000000567000000064800000002430000000567000000064800000002430000000567000000064800064500840
102000564000000056700000006480000000243000000056700000006480000000243000000056700000006480000450324
1020005640000000567000000064800000002430000000567000000064800000002430000000567000000064803484567260
7080296192037071188294105750
9489806163
441587293021998044615271343
348380924043511636227554979289440779028791
63312450490413984817967771644344215
45677764728
10200056400000005670000000648000000024300000005670000000648000000024300000005670000000648028565
2197534560593959398
470470846625169012560926649
102000564000000056700000006480000000243000000056700000006480000000243000000056700000006480348402807
42309973959913084736919781021993427147745857
1231221660075663854867308290802
9926928112957351796979014347679417414301587112095
29387606
887464823351
11934899809082727420520163321
10200056400000005670000000648000000024300000005670000000648000000024300000005670000000648022845080
102000564000000056700000006480000000243000000056700000006480000000243000000056700000006480366000165
3278783547125748679519443497885305226715525
3190488419900
1020005640000000567000000064800000002430000000567000000064800000002430000000567000000064800424027
1020005640000000567000000064800000002430000000567000000064800000002430000000567000000064802408520060
821122756971904239939131068
702682901406599697270
11148008043112223679456942338893448028971232741
526183546523428332165219628936386
94820922832124244730767970667484307189
7619047562249010248097831067924241379219
25376440422283691292805191946728411755695
10052033147
1020005640000000567000000064800000002430000000567000000064800000002430000000567000000064803812524020
803066538457714069
1020005640000000567000000064800000002430000000567000000064800000002430000000567000000064800064500840
10200056400000005670000000648000000024300000005670000000648000000024300000005670000000648004840248
242586491528722444379175628727
920365615425914747792531389062423598969633564
1020005640000000567000000064800000002430000000567000000064800000002430000000567000000064803096067
9430639496154520004723570712387414008016356
79283334472609
3262499604125891476858804219556779893022420807
61574096
44757957059642221104650
1020005640000000567000000064800000002430000000567000000064800000002430000000567000000064800424020
6752519
393850382509026105526378889989241429
136256140260978039590707926096949049
6342895565643604754
66587570082135545503535785733
1020005640000000567000000064800000002430000000567000000064800000002430000000567000000064801268521650
247628976750795922285480547157269994315343883816
800463562862294712
102000564000000056700000006480000000243000000056700000006480000000243000000056700000006480342804960
88677034247074893144579675895738
102000564000000056700000006480000000243000000056700000006480000000243000000056700000006480042408324
874309515208929835923031461195
685962177483519060974834171219595970
4476141654673239942015986183411936927
13472444629691736396
102000564000000056700000006480000000243000000056700000006480000000243000000056700000006480225600408
1020005640000000567000000064800000002430000000567000000064800000002430000000567000000064803600060840
10200056400000005670000000648000000024300000005670000000648000000024300000005670000000648012365
7687625
102000564000000056700000006480000000243000000056700000006480000000243000000056700000006480321606162
1020005640000000567000000064800000002430000000567000000064800000002430000000567000000064801056064
1020005640000000567000000064800000002430000000567000000064800000002430000000567000000064802496006450
48680877419998872553065815226852285
102000564000000056700000006480000000243000000056700000006480000000243000000056700000006480084852
8659858874490030910273652918906376927918380852
10200056400000005670000000648000000024300000005670000000648000000024300000005670000000648034560008
57177408558
10200056400000005670000000648000000024300000005670000000648000000024300000005670000000648008125208
209671010600338
70427700565050
3165562127180177788911828764843387174059
13492163706626552355041895970737578420719361965
1998481488958829589548
7247183247395676469357595
40085119
9648137199001960890339335765375687528
63539568115846876757
1020005640000000567000000064800000002430000000567000000064800000002430000000567000000064803660008
982022971880853374365785429069635224
102000564000000056700000006480000000243000000056700000006480000000243000000056700000006480300450
10200056400000005670000000648000000024300000005670000000648000000024300000005670000000648034800032
35587675084938333
102000564000000056700000006480000000243000000056700000006480000000243000000056700000006480084456648
505049970569604842121446951
4831851166854972901794869
10200056400000005670000000648000000024300000005670000000648000000024300000005670000000648032
10200056400000005670000000648000000024300000005670000000648000000024300000005670000000648032760096
10200056400000005670000000648000000024300000005670000000648000000024300000005670000000648000960000
630135912085303356298468638732
1020005640000000567000000064800000002430000000567000000064800000002430000000567000000064803244082
2523427212735
5644236613176240090
102000564000000056700000006480000000243000000056700000006480000000243000000056700000006480240000804
102000564000000056700000006480000000243000000056700000006480000000243000000056700000006480288402
20826375469008
26644795668775
664855948207426190178449390931110618740174099
1020005640000000567000000064800000002430000000567000000064800000002430000000567000000064802884506
2827995105229523729777083434
8741367941783108553550266004219189
46416
9432083305497695224176683408896435817
102000564000000056700000006480000000243000000056700000006480000000243000000056700000006480144450162
1280326779916920434379525889165982235
66867265787063588605040209758
9448549879
863281946365804235912198135739
10200056400000005670000000648000000024300000005670000000648000000024300000005670000000648014160672
9481266858506195236967
2922836314559535984268176726152992437405674
1020005640000000567000000064800000002430000000567000000064800000002430000000567000000064803276065610
748722514787046542477607081911516
10200056400000005670000000648000000024300000005670000000648000000024300000005670000000648016885
804560751424267758630223879192671523384172698589
1020005640000000567000000064800000002430000000567000000064800000002430000000567000000064801232583
33553328
749305124147937990964106
645363879065779062919267
1020005640000000567000000064800000002430000000567000000064800000002430000000567000000064801628041
10200056400000005670000000648000000024300000005670000000648000000024300000005670000000648022205496
524625797
1020005640000000567000000064800000002430000000567000000064800000002430000000567000000064801628048
1020005640000000567000000064800000002430000000567000000064800000002430000000567000000064800092584080
102000564000000056700000006480000000243000000056700000006480000000243000000056700000006480006456
3338975385636481271285326791769303973087804669150
71837323579461
10200056400000005670000000648000000024300000005670000000648000000024300000005670000000648010285264
80143883555
3718894404209991
10200056400000005670000000648000000024300000005670000000648000000024300000005670000000648002480472
5981472162645611478289348773
631842394540260009141879132218499
10200056400000005670000000648000000024300000005670000000648000000024300000005670000000648018325256
9546942768572595734715561385477251078115960
1020005640000000567000000064800000002430000000567000000064800000002430000000567000000064801260009
93939523657661811123597
4185741035233297892672352586329903752270966
1020005640000000567000000064800000002430000000567000000064800000002430000000567000000064803608586
42389571
38618461907353529044419107132650204
94912946031760013092892745588
1020005640000000567000000064800000002430000000567000000064800000002430000000567000000064800660060090
57035821429897857153115580863
541867944081361220049340666561800
79610638052304578120871
10200056400000005670000000648000000024300000005670000000648000000024300000005670000000648020725832
203094551643624899030051206225
12449123
2126587187900738650939232
102000564000000056700000006480000000243000000056700000006480000000243000000056700000006480369204084
64387111578695068872502433754601776815478
166497383968193029107898289283
1020005640000000567000000064800000002430000000567000000064800000002430000000567000000064800872
9753941251428743261814506497466294
11460169951727582352961117874724
138675452729204822578
28436441123052721208383784
41133905
151650381784874107841764322079769392450691868
10200056400000005670000000648000000024300000005670000000648000000024300000005670000000648032160688
68123341204410866882660571063597110433454495199465
1020005640000000567000000064800000002430000000567000000064800000002430000000567000000064802256
1020005640000000567000000064800000002430000000567000000064800000002430000000567000000064803692586420
72928473544560611
1015632020024114247148384254
262063033576070325917456899292534863
29278939496486776089221304578426235
9088984290880247359091829019784599676373
1001836133345547
