not secure
4378816113096436233231
1448320994657322867252277552331485743986156663
64229264874636
215490010174342191159054277
26717278258803839025520302314565144562
1338092
77859596
164599218597148679831836794414651475417
294995723980655059473700719513458630849458675326
57
94995848586249821201
69880149785763026686495
26204608971427420660055045316989296
4697407792061721436936508323584553898824095
59210053
1067552727
685741740378740484
4764488098290115806954743896807588812652181198875
383044322281807632466182585482560
588180826346291793716149921288465836010176646
