not secure
78546603803
705916678114216680
2655780554
166965077552
71961474004182047085
62611525938
33932881381
36638479455
42430384695907270
92784990329390577134
186117769462111619
493572547340169048
217222804614703
49436923024768833
486281846613902153
31456715874
428620671448606249
64086293813
97145748444820
4008474172361138
8360202981
48871340424
9507145272862
4120271454
20744768312920132425
38746065430132
63339444414
5118997343161132234
156486672898
33436083912846141
311917181291
8986637256
924466334579
5051943991845
166830542890592
187804421738826393
8637795508091275520
104767457660205996
14832568989
972703601832
6936760615442950763
4461938320
3238990122606
18312399232108506
974773971769594
3036742934148413
91305158952446
14106599265
7456566985038879
1741936005112564
542113090924065
71882959952
16807508063691
553121948381735944
516165892750224
69144608706939025142
4724966381429217
36151230606794
1729384948
28285050944
24607819989
437312415113
1492634809232
6953148119
468346776283812
96622572418
61969752898278
9482113628394150
813155019259603
43153366340563698115
455884032523525437
4439937708072697
8166059055876784627
657501718338007670
890257515687423
1007460034894488
69321189988641
200732734391990
8922141308004
67208750211776718574
31046657613327
13728177984
24296804911413
49399390693
35566512697582927
27420571670219566
41322298553667433743
65126448005831113607
2167233978244697
7016481433476
65246896522462212351
500825036762856148
9836873996
904354610720953
2396458592814
11001541464041763
9727214315071755
947356018428
18979504940712887
8001704541704837
3528718480298
624887318686366946
74286201729374018094
80638791104
26837542026
94994503943050
3526458166779276
67068190535714
584701391930
39434699189
93786092389387689
7590875972798
2234352876272855
9922464233524561
38022067832
77254208584516
3531157126388
420262164263524
93907045385329526
407781211188
268007695252719644
784545481399
1259157191865755
952068934271983
96352209763
691248659609022799
34142402071297809195
4438998838741970
9348252474057106411
8138348076520946
665216487576863
28712524186425019586
89780733916638083
1876489798
502968586151223
619701179081815
2836220135
90973094995277
4963490932627966
48592131596
8761890238382636
86648876281086174
807226779966092927
780075096957934
75895694022835
2266236510005628
3157555459844845
83316182196951034624
79283059702029068
48481894153275
9113117531797
449595405733
6298843978
5916027962
2074239240800917714
65605956881919578
9929531540996
701052722157311
80903567211305
9607091657780
71771390472
462500463457961
867181796541279442
3959062278730
16688826334320780
537078093816
89827267709627938794
125120176821163
948921022726
7832154163
37126827524
350173875726295574
2044868678482999511
2482716224336197254
2174514884
4112501323369
5893552040954566698
7935510858
3813168225717534
603670018648640
566819475215392779
23954411689317
16172936028650324551
319686161591
686931001774920
3370145958719253757
370423205822
2156320004015945
8511781567242
8856359134
597901733537
3818209010205
8521950730669631
69285128805176773
36602248947198047282
49355254689585
879834063032343
618831607944
43074000827542479339
4835344978
472370061441
1161690953
8455511663476
1056556399655953240
51339883850269571648
24165928477700289902
5724917042458994771
68080116290
76922941774828153124
7394049872245652
506258358813904693
6865980744923
46993904508826968
29397726760466650
206549827991
7495216437332
88139153504100267445
977154391485413462
831414377927379
43432176542733676172
9461132784239704056
26634386251600740
399957779128
789529829540697516
8633974452687
38354155290311968150
5693537130268
71852132922580939
1915240871312167871
59523495041
32624506546097
38514492951568
95021028018
5143716270845279272
40694614668
445800790904436794
8934066516797
7138127097235213
2202447834024647
23264865308502060767
1728301516607
8422540485693253013
43849781068421
5006775626052
29686387107344
1070602531
5964830236395181
75684230540890105276
44635935549068316
27456904741439540948
627395657654007252
887464083829
68630985381827
41981861902095
4249193690533
55822060533142795
