not secure
964213395
5298839
9309932
85524876318393982852
79515
72747
51846
680663502101277364
10886039206388477203
5696
45223
8996577626275
4351481373278
1785209605549795251
1670056265458
401723145954
82233745024079403
42397744
294394197752396
27343950560057249
84467770761518700
58147720048
6242972791062397
766481353
787780637736818275
6032856800
19641036499732405
513
646
71102
874319028348
9618368
6844460
42014174
372294844425291433
172216636641946477
998883
9734209
93907818155099760387
360086075480018853
95040
71437276
7503841217124565129
