20
1020005640000000567024360
1020005640000000567044440
102000564000000056706452
1020005640000000567022840
102000564000000056703876
10200056400000005670261
1020005640000000567042645
1020005640000000567040805
10200056400000005670582
102000564000000056704688
102000564000000056705676
1020005640000000567052245
1020005640000000567030640
10200056400000005670201
1020005640000000567010560
1020005640000000567030005
10200056400000005670420
1020005640000000567014485
1020005640000000567026125
1020005640000000567032720
