1000
648242331552444545377117027308651315
725988958721379
947908029244025909
14
49406011993307401
201252807
8694984874602048095500647390482830490351
1684501650728400
7871965506118075484261219505613424108947
2040
6348646481525669521223867301633776023
24320456
11829875280224085
300789331533163861113321875
625528393503033264313954
28280424601268
79657520826363970715834467646047901093694614436812
18826937154767012598691226814031163
68115
687068702891058165527608078983736694341
3835186285705517859041888505610
148054712330798811079057701583852484203235
28845
1296064
3060540810847808
942044893
74111299658458741724293981950421715819777
24680464204
5289859223422958987710826644941956
268966
6015543707804527000151461383284696914232523138
9940024695349
8201495448598796010769736127301165242792868
1020068
61879662124
204852960072885
21100981704569560476280645127556101706472254654872
1264508
30640896902462
51616456700929999897
866025845051863795868327948316625
845439749880926964806100849404360812135615036953
2212705284613334470229636444710076880585682
2496004830007
2044021680844
1652581
13839301741254516656895054524821760059587933
207258885
98049033895830381766097803911299626618925437
1024506450
9167569113154361941963
42644390657985821911791470896875208819816886473
278590361214919118648731
1800008010
20725888
6803025975
9723990806566472211890598964438942407931258438851
320652455883324916245496101989714
87461261502713988525970521
5144090261253864398835445967229
1624084020962256
1892527290
49621300334884973194276946484
20485856
204402888
68179481244777296109987906598927
8436445
180054009084
240402
884971861449683067
624397377690545
9550224163943242
79706136170373529324179778647447148613975170529
59320538772
174145386560846214
26720408704
57478698644383986
794403093835013264934245307
228006162012
562240372184800208480640847671
228
5363614568
2208880953476837501299459891760
14480488803
144804807072945
21584320261204728475
3004029630849
79996763010085628805363
485802726
240054
1892044080368400
267204006084
1492003155157328350280567756168518
2072042460
620058115072
144006885000
79208142437116224642719167310215119283
613568728182
660761066387002791359658254622
306804483048705
2016000000
1793100185
7480409392179803439746025126
677202211611851358975090520576317766346993
1144938890604991949381618922455323872188588033787
19485573133948993411407680171295287
449521539294712216537639487527137318367747374
246852243
6778874259890398990588281694693569899292
491742070704869819995379592476186
5045560751271107331345079640515819996886096904487
271155191458
524741438279154962709
23676224085167207646673174392891679484159886
205780445430846
393816239113772035748839129466310294855532
300
508297299061059441966102838826748835836446774
81643759596258231264084815
4783708144587074300131651
10885288
22845064506
765617527
81813125454266587923684667
4990157321294864
87369261983601240
8684973194528277078174948568246910483587504413680
162054243012
2288048850
14765456706
24040248309616
12685896003690084
61880446
1296540000
729643076909253
3916947607385124883572443806043311201480005141
265684106849
121772624051062854977672949713
30365440204848
24080424302480
126456408
23850187398281085030913765714403145543201096907
22200640209
26249178
813130791385431565329054984612704493013293947821
1314303745768208621539710483236816844229
9170716794755272173921
36709491469384407770168349458699781
75274731424364
60588453839772371532055721
212735988269846099658357339529924595344388697
131938525944965799036853342014991186194
278043753426443159491519394954240070624029772
20720424604
54739304143552869221292158676383
952254926900604137862870520699842721774721
189252720036
612342554882262445294311538
12600
1236543
697326995380376929
2400069690720
102845580695427913621122424246455023104748
105742
9914121329255300550860334403654
797710374946960586110259465909184850660101372
34648112921639669103677594607276
6083276698869489020813615955909738357767
222408963
28525216500
96377096111266
2178597159466267639544683697645443168
18680416
48184232284575151655857772338320981419799070101464
61415421354509130993647467317072
7336653240432941106760410794467195
493042629691185
16245048600046562
2224026
183654162
8022131376150404611869541946
63944164745657188696069755124066661515837962185
6864910949244749681157042
72090104039240705317030856466138920861433848775069
1701494
4396985184721322059269833851940051384124
137673760005808580
42623968142865912645086417986257010847
7731598242951738322431640550303989619166780
30605400001288
240408009
345130
18183414969092697624160763449039941799772
42180244204110
40644978
16560
69485955453404117630067
1030524944
4543788059098538880
17821426914733420721826932564609077820616220452
647442322861903
1448580870009008288
6313129778582087665813067311
141606567084
1242393618544656118076
18085272304848000
941224285685382872677147972095314902734265
7399332344193811273789705872698839229424403456177
26440264807
28280496
42981172663
1416002400
1260000090843
18360656
264450249036
66458708881357954603292016763730
80177223966422192761393442762061316031790833
50060832882666144283886282529504639777893383019768
50115925443197325948229734375256
283902
109242152653502509154160384196867567
48312693023
24640840
11794558780683199
8599744658456167919442146004667401020017142
75023989026317978
5957324002577615
126804
785877120763948460410001152524080750599
898758822799006133956734252716425619827
8996831434766160838781074032186513577900115833294
8473442
864472478315461518587911477897257244
222402
24925816806
1800001620
84367846063592948462977104427517394189856
1047241187
694500839453655185238
226851996550
85192851723492125672039707
227367683685748409747524113435
92091888425524587856115440
10885216507
22885800
201600720
57054797222541290471303503141963321890
6025047580701299031724824194525364532620255799245
481482496720
68081937242710916729230
92415176966644441162642127
793065183
26760096
102006882
371708566
306054729
79738923893
10448183230502964
951125377542854611051482168117078
1624567230
1892520090
204804648072780
2909313845856387717898095503557065871748875662070
7328001311980246048524407
55547150313037110816886162923162901510099612
108858483036
724222153161392165399888284752492178092
5693465879027088104039611762083874
53746601878703307288877593751
4243514814181429522319753745688
356488261093719395157857656339864916040017
144006885000
350965720162018117
24325216201
1652588010
7956933995740949232951157
2919669096483821643940
39977703548221357868673729
2616068880724656424
46870753688325207
20120456708
141204726
986307323874
2090869936314932726585446346400762490202738446562
37201777084
225317
59643243314344178763
522947127904
7825364984042472067866538829491441401950293259
21335864656265153897026
30045680104
384053707319613776941143
158972549500948946811636766494712684983
261654489036225
451673251840998603840222313753
1236060090122256
409173677022670180470018063261
10200616206046
35738781711564071766943208642735595796963761283198
97709489636811273327295179
282006963
116033699131431
282852
823174086867075514798588164668476699187
3272678281557878264678561064525078354538
173067533851849237
46536495799175671734082
68325934723415405978481
296427790104600067135443340203125536583
591433928162950561301407588589395565999
790484853028226199412507297107702467
20379088115059040990389207350324367
180006489
7799502736090786774369693006095951
161241789823366
350657195072414775828779313605412982
91209233054428318768538264875
264852720
5435055425713
2567634362544871727956715181
507443414811280502
24960600005
80749096601364941884920571755970242380930805311
195635373595266765493
4593260890146344720006646957666628
811991979257179606155726
9681630077290273073093969737526521822
24365464200098
863895042390601547454597396
1024129237136085353034528505758697385953650468
8930813296121579766856740890520840
60715792123653347206248994576264652416024
7864150738219361876598898
5146544257384523611560582719572526736063
186858720
12005424904
201472258245230
2828525670360608
298010311201583
102804885
848043336499745667824928628373
2285088720
22560024608
102361119101260518706439829
124194092473836410898070204403830785291
16125152754869098
1204028
1232042490848400
7166876069716166401511552382450
3064089600
409184184397953920739740230
6183690044402765489908287693255761701270729
8172351065327346181801336004493903663909
2496543210
529308147908202953337559607
40369585662493228638043576
6198963505487049586045713550381228575
180054009084
102151190883785011869110598669704261218769
13447377246283
288858564
825089754085902616006864296
509116790777946096
2322177416852842974602582495755427982666229965
698832684494938
802951060523483
8155973772948889175209670541766541623893781
24360072308
31252862520089793006322270
60524113866370231932388249560535929759
580461401666409390448167372592940494079
5017920865583006395113263708
72419779330396096460168221236
1624504860
24605424008
27136434
25123132335827990854817569943257957499
792029347988
189258
8419455255881643552104
282408084096
201204567084360
4246496
86970738640883848248
42756339641680830479464632997635079347
8111576700474997068271114
788980664032551482497404434600300541005051688496
36999102276799344108
2285331416952725601690313420432
6944706606032157525321217508181234
3305263207523599052
17575025388989640387
30325824903668
61031978
36891031965280793104910501145789
204450480
49508510442148819998077650366306
273580633964938840696861744929385271997562722
65874355955164049600362106412
814678316164441133296268310518
983831250240884578865919730935852328658161619991
1476069660
2436246683775210
72586
288741641950340322306282648153
64900221771
16245
8448124107272672468979237767
6475204284456642240625732874649513
81437503157904
1268043210
522517710532031207308538037057973451461
2249560796687065569034203173
1165792200641
28518984549238963583185078374350522099843593904
105600
2280544020
700970
11923667592019302647377717663419334
1684564830
288858564060
1213960
9300403002964372000851957766715342009834993555
887386518092226339679333707941387199659373
504753407
2919068187554190910661873128321
1444
180402642096
65988570293199514982034481920579175825830036060216
92900137887817950000825409052394
7948315755749630679366009
24971556494424017001212192336
22351864126234
264054087000
95789877224933442883863029254934210569
483137810094792720641633652669385555366457196
982005547601878449344279425298342117318723313
24325280
10983518997864474768849660
20125
9961891706074882667312
612143740810
145039929320396948410719
39716880918260858554362
43543815556241
1080009
55858078537417796376626631804431
69684576007
509933048587150069474425986329308987
81111297035206087407673
12930
1804565610120000
246456729096
1896062400128
21238893081709093537183447347
428632035213946084929
147802090732066722868775965141336511630609644
306402642
168456402072420876
405906326975307571709196
1652588010
2400006420
13047693352002758507
1416548
182959441923895752420368824304507706544713
2207097916989035752898063717698570
28285880
8803945258887164603885590048038459510138370
83973769492161622734374
3265160297013882438420210854288354
621047854570062421269550816972566472622
267258645060
277113435392825155292734714
860420
98874963121895435098805534191
3000067200
217945428733592348785359434845746542432595273
28285888
70044130914484502570709954859337300187320598118
4013005491787891882221006039020691536522737978247
7801641425983467754652418758
108054882
371440797368
68468373990957442623806923640257954911688
72827416792866250928981858430169
64925927956902928564703284572984173186205568
77313706014602315
635462255969304001811464776
81596
754016924570317400234248663857233952701901244
705924400522283
74232914087205988397996505539671473
29186862
622164466885986243186102397222517807466423851076
249606720000
55983735
2062505864869805
1119582520681221897583170484672884084123544
4797395956234489589658710820628059789206503764015
7892953839149557295131148419265
31630361782056844480641857
55881044266538420391063770515972208
7558740842459791448550
746203369482528542484484549992013445414
399373568729002952320122501045
2957862182028714385192956
18360
7885988998369645173307534453001671507740835
96542571059812896991843263649429199390923026245723
377275
297860127631525515
10525832108484
16010876454869046
950338629
87547933280020827746732977701984147278226318265091
303654483000
1020061
360262254281310134827262290185124567418216843661
683628343487
2672047
2256548
1448048880369008100
3050808
338141383227718805191669283001
2933476657872408949243
592791940299516771129143107832000
78404033304060996428522839905864629817450968619
77858227928323634348526985963663643227836
7797614802546877
246054249
24640848903
40848
89659082451318346
5969478972845884292372121671032521884410
562517637
3702382645883782338342
99847477083982939576
12600072001
2284086420005
85294174382627462917739997126199680637261
949983972502366009070930
69005503818
936284119969294153999395749622799624321
18685800903644
2228527260362256
1292046
6672310644501979090585674825049864155744477486748
1860
52931534867941051819097724063909234
55926621766927934017386012
17299384158861115513
2404507230489008702
674657303017930743421960629517215392
36075961474843414700664317726
7709941820531048201023550915577
41700634229330714505529582344756433128194854352
108178515204001210319578472398701799
24320
26979867381503238786071288045143657104867903638451
9512748743145461077548832705
27750109686770816132438844819436334121
666447038609
147252726060
2436000840
1686120448043899645
9155644186659670759237929375997227604440918
912876093262425574357668
880548444398919422696
1204567290368
180456561012000
2828588040369
3870676406984361508
89643954
7052756683830833718
246006
11491078694857
498575753638892507770907966924679538454
2820006
2616068880724
45271611764876821642470061518444866933208
70075504714635016287271871383176754
17298586233121041592279391960058276831624
16885824
2996935193
346839652959303271721490381724956865000550057310
10062
639780382902198290145876
18925832
267204006084
328250149406108704470
31749970691611622350175930042
30000
24640840
24645600903
6420135681516723098273262758017646226
2048585
30640896000
87586972531966364
3544814494
455272649564307720723321676982722970
19943255419291375575715425147
28204189432116447723981674778979877069894591
83352098060105484267
7507014304686101
761099523882306528830565659291363815239068
1204560810
286272757667077025425
1448048070729
90740
126456
249204240012
5383322
228006162012
1808044830969
566139912973780501898177657119492413
12213006250074333994435409833046168754095038657
14400680404894563
27682466305665340533327389413
743595956173590830374
73674607759036193
391000510544575971244073824926
14480416
730059621857
14165416
8619001978
1078358350702602651708
27728606962400085242848354
22280440501284
5964020697149352426
228006162
7892299426691244578410372648
9610804637380306
168408882072
293101080461091
191798335775797
102402324096
252792219495367228013704
7362923094
144858726
53276976530092072889902888031580538761
1137107166131935515532353
9683059
9425970218133949041177243002935488960688890602723
222054723
18043888923
1892044800
5906609766891606749613206245801864807372470794109
16800632101
635251105160800038
8412414862834325072114291199516632709643795747
60564
825292102432582
56028046681090471967399192545372104506365784892
186450642
24000696907208
22285208
186781590964802330463004628771269687
65316020629751645618
1296547290
829681356480116824545215097739249753715741063
4728769524633812682639869863849273062161446232485
3221303894
476377573675506919050947306
162450486000465624
402314696175518833032180042176628
3060540810847
4361092408841188162041124042403859150576370335
18005400006
5731317356828293570346870690141585893436
342263
16800000
477292173
4501867534019476976289474627
6698362671450
2464504020
10200616206
9646038083410298651029
821074034549977207393994909913
1896545610362
1476069
838975648360975354109576990593875
225654165
20160632701
9338337469995445391102254742564696062
401431
29624264158233053973668891741170902684879622922207
37675179822
876635229839439742686125497974709112620801847
6178077180255542101396641874
37097211688642972695051686934074
40716747850877283338501075034488
1836548820
4519692185
103110916958772725052356
9847573940668639246446790575853690713558318772476
30000040
6983585224
37942810534003115409665943632373525884679330
929515672584798044961
102858723000885
2
7201556412452081
2408042
384409608103053
73996101859562661942327683626070
19807074617858098173299
3049818781571707656155492
234761408614964556855584017296567
667862151657948298
28200064508
264804408
695100947243797019510790917128467
16845016
12320424
28245000
400340964195208747965
1476006480364
1194785242148553465
301579925262652723342995142900894383415278372
2890260896044915854
1864562400844
2787859420860493369467292
2228520060845408
9469205919294613418563235719545807
2072588850
141654168048960
8347433099668539226296549132270305055
9609462208895283304044387566045936498650640500
88609947427094678
2917959991045011309273504586109635659119985046
1052520030120
488728595293849901521
241552680320886275310247700324795759571635767
8776057867249333633626832601648654920092211150
68307183545172
2019957484242207816183990071685668312982
832091703967563578164736835
83151537446491551202473234500625921881701
6722062964621797531584554552490
21373233244851558322153662641034444897049581
285600006012
2640001680849
1680000840128
857454917138745206791240548031783
4919745915639224359995
1652581
593776411122575586828798687096835
222054723000
306054
204006645
22200016509
141654168
4865862218038524613320665
16219234461170683174344832
5970472226509020802985891664567359385781
43454314316884131245
2034047132783274
183600963
8235302375145767561063233
17393425886959329
1628046450
228
938737912426337643096824005600658127451170
2076004800129456
765643078329933704758013411
2256009
139309551250887985921975815622441544237328848295
144000
44648437836601519527061861361273233289778845088
86808859097730696478509831296754786
5540309342130836278242018959056164
14439282701792896126403116818045535247550959
203653090
854300023191231163720998092679181585384074541090
80379987068563
70712531678626317856689
7820719234487343190681702756564275402
65619
625849793889984249487481139379
95498737031684691090010863223122222
222450246
720032485496871225020864829079200344221811
37267813160818480418211222170910589476
97591321474814
36636749455121043659371901
189606
26125896
257412921254896759592400880
2228583
270242186951142157157222993634520169279395
42438842886388091381523
283884506427841
309784529139093718515687754493923296431824806224
201600
89017985329605087688936752000863002722
222804405012840012
225749097795083466
13887902725757245310655492037825377759979438335
2168750466218337767794578894644
1292529690
20448194455307418771486943
6657454425344334793773451401280573464
6179936136319437660321701286592167376856990543676
884325643945501181017864038585106749488726
16240216
1483912520074113475876
900282469611096825432266916
259325513680176560353514205065218979906
699126539248993332508337
858466
144006804048
2709255396348978743218711116282391959599642124
902350207774413646122
28233386198552463847135837818856042348370
9115775708
4575515
537747877
926024905854238850311551486073
228000564000300888
30080472301
306006480012
856939841768398708875663390136385855
8442057136880484441785711778745251840290019
30360
6792686279637
8163324002
53728913
348626685
7740015165049761746069107010249249309504601
64299876471391573769127417
39533
300450564048
5890107715852461047559935285
1232588880
24325280100030
201252
57302996604122551601170537368599229912731287412
1512170873535089712030949092916591070551
20440280707
7114050541836094825846336955961
53657183370276874235
862204743110917692576898891978432259717
22845064
123606000
3129920565046842286156765150634463620874219031280
297212979345731653982995764109278182271
15432002481042265153484184307583974662357140991076
1200542
5805564468385849723192876228091
2336196
186858000
559447308482902347879036835065356295234
3592769189
640819547547406731128247732760224747262814
8735100
2252
20125216804812
8511851547201804877668594
8961531336714712750903702580
9305603545970161
141654
79747
972481466394381391627
71038515730
640589407622725
28560632408490
3514516981549093
7139598669480201170878143352342403406625223770
26400088803
739858214064
877599066200536176488683344509791163
4374417179498526953619209628162043
74787267280408351871423249961990895795187
799096975023624004640031986306573983310225352
17754442965108031612165652072
10845664203
919086789884167
510304252762663854410983403664705187749636
95913362863413519805229221585356400123
754808376
8042048873885493680873198456301400757570225657
81517887045296850630897518666810270417053
1204560090
54562088904
9979662018119642172092655560
163925801993864675544275557591599
413111
222408243096060852
3520119
67949571691290532472
11232929392307488283131472764951644992748133220268
7241480933659441496712425967672067997756475826811
147252
240858
3437168041698932276948757730530576623876805233673
18960696007
6371133711114717178485667030517711183763082531081
495872
99771677525759535420306576
39751
8008280056371652759455333578280707097719163852922
2496543210720
65727315713645688585929777403198875785223871426
2373186911021485730594789425270738748825545
1088528040600
246450402
31338442947429933688056332357
49071949637608008327453
1652588010
1356935553924503065077087618
162054
2228527260362256
81613712994381821749620299148467167658701987681180
40464656512516643625648532021882034569571
22800056400030088
68997812242417016358491044016976890578551806512
617031501335738686034213933964761678467349486
20222542887883238345099626630222552163988
10245624301
8640622416781669454891379576576635438577755754
5228167771961777583113239288577047
30640264
9738784309295286378500143
10800024301
2214393307673473684353
962028079112419219517417746
1454034116738580101326107706313432086460941434
10525200
3275934235607
39601716572645667886178512
188467660
126804321
300402963
306450243000
676698929008397793330227067955
306222614153768774633307836
428535315909771713017980976073142
1421149115396514995104168499727
592552
294125609440787998090943877
977029364017131422935239509702125411796274804
9911352770604817140165685015091942221155
570202545
1832047290723
77458385299341077392
83325765924665150043259001220457939539598579140
11086388150670940
9316193782773570931458875431
16560040508
7993277
26725864506
1039197329357369897672463495108425800581321010546
75359713436108
2640001
172999783668142003645640758534
772844675042740550385910879147
9065679676455805092986754051
300000402024
738648211858263425
4661152427500469722172026916899440992898
7515244
517156
24080424
61126048880727286680593513725431161028439822291233
85387264016771160924812656
108804
9293961117848
4445020140262288641290230706684216515080761289
4843059937715537409997690445466591
29619346386283023390
300456882000660
99322830113017970459362422720098
47855686674456900768820583082
65152612587869277386146669636
57041847996243323
1881010991076
26804918423249162757109995884211122398292475
882750433829111048988023358909401500185241
18045096
34353011487886598527329181546621
752475936899420942
18040264209
2612043
3000543
931957597104861
108054162
3669328
4065228823076402251597642678
1099716990453280686971099906935449985704049353
20064644557110541683
830765929089650727611400146641918063033257436
1472044860
4667521487269320062641
6085599694824499657049213680238
30640896902
872349598188066567682
59221571080821383296
26405408700062
12360600
201258405
