not secure
1675825450410015606399325611624941815024297
95149465857481936759203356586227413409877
488876767996005029758170843409
8904225568424291798090521520822023004428289803812
77127860683708477
384327009
528999685155388982
22396094940757241185927263362
169539034
55737169558794356514190547881330970845430079880666
23581363332219648921482643923421733906
3982902621888
122857924293342990471518576744622497
648109198835212117939663361550
23576920644527128675312
87119442066722685310429365815
90287657348534512219098128
9841
7464736494
18861772319831802753968421718858305371968
6155541627122298745809105
544371767491676386583197454820880828661281982
907861216565
36015173
4038307610
6448919058477603382864519
33087815081123570314337356239976068614192730359319
54363458565170
8282737248294420017752
702233836557874891211568833829612418983073001425
86047320192697004930191101138
20004269525049059894031480913109305237324737803097
68506590956403280945780094280620050851544722180867
663095554137247450134875399829679300
