57
548824179
12929076998255123223
4594831007638
18605448906072004
68515676
3042420225424
2051358
2965574308751356637
129654
98691904706718749
30325264
126858249
3781816619864
282402405012000
24040872900
2760637226120220034
5862
1472583
698176
2044504
14480488803690081
625127313503
74739892
1515978116391080
193
282006243
26160688807246
1860061
1652042
569756
28280496607
264000888
2048529600728
18325232
18685800
18000080109
79
86124
164438819
1656004860484800
18960696909
8501
601076284935022198
2436063
523975439394318746
1232588880
38571848258010
1864086480
90636949002204
204858
108000963
18005400006
120858561012
249606720000
246450483
98144769073007415
18645624
