not secure
46632767244
691
121055110672630617
53595120553502
693
75573666
37476898407324
242919881
470865101192
4188
535
4340
3515273
641853
68354
6533696065
3227083513710
690823305629928
47545
387818705339503805
885426217281189157
7460726
29275747297309742
1376641248363600976
2948905513
49091507233253
624799802277218959
352718773037
3282524388234891842
36526043555049
90352053843
323951778498473
83132421933606637204
897642
93581517
5171579877953
438
18153675832443905
23
4116703390
66342379591
156911909916
15
5133718433154171
662298043074077
869111577300
716
9606021
29183623
8911428799633416
361626
161216000
539348853679412197
519224597292346494
98546418
984595
35
97030537
3574413
78809173365221698977
66892477
1017119518356886781
4231125962452
6840309279891470054
17526484600
148254471855
9674740426900
3819603
5023278026551278836
52883082245049681
23
52061151
32953241935883
802128750271051
492801556204008879
217859633
48520
5954096528882319
414316
