not secure
58318773934884702285575643982
53167
7760862136948671595578
8494437103168546115800682271737
2980
804260011614
39182509432425572518429053
430511124096233995160923018049437739860509
967287629670177
1855115414359783088
15981762430819202333
4844423433525973998608575953243105873853
7960418042481496612797259831709
53757245174386139292490614966346629903970663867
8114847788
2370207550118397357016470943670997984
16846854467758239924
2940265091
15429478281743751411740460082
3777471655508422898
2397977682247285669269799291336525464848501
568039734036768018405526816045991
6849548297151339140400405190522412866782844625346
65806058495859
9165565945209425
89846781186713854694495271789622561197
2362999791208506966484683
8992091224805367148503813746710523
20469665402
95651141385079187901766557
55558102551518707147280212982520431993
58777079293638952176726505773513
26090366896454408767043922
6497520
