1000
3608528850368400786036725
5224438839511947564605
52200900457245511097546
490228640898315638677011158494718414258051
1788400
853252007183
542400712317
876539
3359124576844612499496336934855325438349199701
4609552689141502945233575563069891172087824748
503551886603780039636110148038789622153521842
7903130792879449993
6901646491472872845545
44378007659697
3736830257168268123620507
52731285389625173485290901125352
6188258284078995504604948297201914364813
306340
46211206666368792234410009264144430813
1760059129
26923539016350029277603855
274816362458769316558
71640524894311973070780
899689302271
942658479786268710780521
34675318869964579035705202289230697798701025
3821756216993130462452064335965248812395790895398
693994726327195251860240876391930
9698207797116958997457070195116868655688988967627
2104839527
52531714299836419488853
960301922919768514845455476486286849
8986273638385005974994857731237220694641
5310331266359989567906025940058128007945
814222611
92410777259104296546381310928833841238743981059869
3591424
675457589041837937215404395308792
843769706618490216558960973896
18628543460637027830357784360326539595662
359178681441730547886196008256159761380725664831
6536964770203946913711306990799874491010
9858397329675
9922209378850329506347557518686682765
827114624293
3228692
82980154427178031896831092818419
1066864626496676044627469953324889321326
12971
2395690539858071647299470
654125441756342565201009186409
33827294408903982
6527008553142789947271864804784470609138635412707
42440550332558
66198548111940905111710655726071115794292236408989
76337528727211584290823725496598554652
897915842061097768477647830
2201142210213062829513404
29584607820153578023428093894772131551417733174
3502689870049971589073572
41502924196416139525960308062617689791
8835624025130226450292771022773629
29832867412612222
543386405211913527962096700021699185010
7008320805024857594179185518882225
6536260902620191
39935030912872
5049406332884446590
3916706356844853180767713
62255467520448601249925251804387795
573064743499731818640311244559
4102923985474352938323461081271278155790117838972
92898712436
35944211355198101373003214013558139414
211736091072897721
39150390741560260676905
858626183151050274
73896417643718849545332901074186719366171
494708212070764204917674990918
83425
23835930608487213150
44844925305405256907378348138056448832537032907
68713174947331508496
51071551063
46357
88500390770310296826623
31683030970797
1664489409
2160447093989948894494985634357593100094
1794244766
754158509194712869165683554591445178343492
37113918830084381178
78662822662171059463652138645422371989788224721122
3636217578357484412
55479292109990738
466710814
26951791218555
4658728137040
34829769446
74511634603761434279071317811035
369033422767312552819119954
8089657061976366639169326278914109248467818258
48141179789540363371717250113173
9958507830577897392906330648848
7573429707787290272073461827422443
385024783857916484943659116
2840600512105401365360383775934
9812564670710243359691819869742875676923
99981107055686737514
6479756179631903915027963416999192967029
994736857620919090620422222855252126302676605655
5675492370339662981673463462
97802536785238504410315874072816787055
81365702649981215076
69014400394301031028685241418547433806621629
542402525411637596399140685596076166812
5764803760320083584184546505982
1099119555385401299879063373029708752
5191217727150021102615457477429312
97731594472938137805075494831493166
6474419616608799596024901
4024811002820885163067
77043008876351673
11694553691536566868079696
3169335131590236083900645776029786100507790
86474430077943578351633
318150956922521827445514019328255703305575494
335265434581458925889417044
736824767866235
19511683158049709420
55624129536178298048277180
74977767605062303177
346388972236114372882491
735682499617194
57999578465169276410
65089433952273
86346151012542
66118985037298833251725686
717280
6492542893201951797890310866128
2058615719985621403990
25443779238344334178391822830184431607469191604469
3634073810243479769968154791849649017371330
1284497079178136415401358498
544063054529815382603794354061463704911271310434
978666
7683534
77118503180656352539031202300
5192078247609
55075205555012181187476020182998840156469690
71873976731470
2397606886959393173123240
567268070694110926310053081654651275
31257318626674194629777980553116296135740
85632152338785607648483973
70674864016692984865335
90827436538599916592288674679184354
8361485518047899756900994182047865
92645407880200812939243059869
1310863242137632
319295
91968539812680930979091613
659003986299681316997187436676567226255
677169704981722911678274108207453887961
949942450
1564884012260402818011910654593089940
8391507913069425
65965112153930913660587650712176543371020524239877
90771236960638060399134398086684025619804713
6164766531164938142986170855676785551
8162170504826617403096521622860775
55818660240008529
66549889693945419226626985
935009105689477880443837209187188643634362536447
331383987816587940840898846286994402053489262
20570467213330476687763660973650300064615396
330813750778216981896
5228788099110
9811305696664781453398763729474
9853444087754603386652433
87716517013907033681
2335764566495294338904439866
893396894636016599
6292184056197088868271895200
200019460837952
32530364950510199
6293455117532
592977123973689580759786491092164957622570868245
200781088417536
2937654978964444065290793009827424537378490
9450431527914575644851923599295012
78676064931213486943214379866954334706199
6664980973225154307626
22172541604981112297467
53110641
472307854715594092263347183653446910809492015914
935686361603219553
144647131908570722
9285822797643953825247690181837226917526115359555
7298195561035469899072716609060391
782723149186463805773
93610111369316616423616011265938435160322070830727
344453
5143825934023007611490705577
6133918592270
9810784760576805127317890
445368928323074662661111091969458887191
529681364
17090649127813
898997768299004041265257
4870873838
9734690107856856564247730
9325732562456001190333506594107136307230
711468224003313669883
1121733189344094002000483844064604805834872612
68945342661199024909568051828687213907882956135222
848533869584464052003383753319667239357532614
9670258386179164906601090332
2034640160587952863297458162831151572
2382731864457513532423008854099
14320844165839969158054215222448218803327972
601223061541697025180680714593704270541833550
19008117818718611068960368613470271442641241
394537977
737128682865065039443123771271614979858391
75343319948028192818967249160
95409028082499594017169595581334277202
3885101330822719539234805
3946376087232
5833562294345830802474463375227911840
7981923603828
805242532492326379228018892
2747392151435174580591258553153592041904
3357820699374590047658938677065075007787131911
4717648390792587996303647291083196229910787498801
74396818548373749266185050583805804
579249614467021
305786572976036863783135812211244301173811608
465527409
2520445774404050156376864989955655107068
843124526276
2025755554884534321058197543345227
8536029306300387542488301
3855252107273099310751815193023759221948179143230
16154266045211065471415
2214745181872113645494443045154
41349468411537188345851714204781537001310045
77582709575016936
84199666680534594558360
988312684541284487020289143887292457175578208956
17143
44034645822292881315409
5401723855203
76098206623
15752138037906181061935784195
453433082315452391378315847361487251473815119250
42466116987273031319683049681266437788755297643102
31464085380782724275924
91881216159167267836231
248307892380
720738711324459521334076457252229835902794135
8493929217531322911708431980551391735
6753801064190773342845
26835347589759
57273306353049080482898924805379599196637236906
487025113422
1078842884130627140271150823042334497323331
823206866842877208168075544904198222263
82331053099949692102062314373
4858230596
5745312782486223172628171446939590820457038443921
42572242583557261142823085092184174269336446499631
2433940610603099894
4946147445692
6896176927263554890974
617175553982520565149265442127091
517151408499
330518408515106418528
6877518372745531223852
5093555288379106857758660466980867628073542
2185627386030734046
4140251019708945079095570614
3456932459280318385382952171472655
48372507
275989039755628176403099322937034992447638
176780632527860151746734941265753231229122788893
1007957676
38277000804129015553632868579238448043
532352863995435296575991647
90127053922671673324183306663927222963175677
44479395
4819527762785748
102236834865
6542622
45279359455903792283439309384199358059
5212722563329971459298724666
76246153
6975476280059620448843388448228776942414103052253
34266967939423
9811937900364
1809745079323650980666093440387988912483
692966095422555627
33952795837
24471802751840088299727438204362
5849559614166
77954474983721772925125859562571235178251
886948138463093219131190383061750751
6928053175
4169649050393573
8728378579257223170214
30772172283152703962410009536667
58246174691389
13953013713472256
21098935767506
16671526290951068670137406
5379551274060428495689
9775948992155536
222968398425921564500608569180315
9897119533165308131607
839596209262710567462992682708448669416490
48584757348647019541565206152751991612343
1930757948566299
236708841217116
510623266782896398
90330860534154853
894012427394952853847293121966
1238204
332641775769989176832643439378406912460871896
6443004820432164551967
76059352
9678064477606383031599111948486869617142608595
95372486
478132450540355592887238
52138495506
33895740589
113989455
10992811170398604525
7622466821851334807460717
774259453321244
992583273006510870633697896
7345884627941891747216289
4183397
51339552409744
286681709687958
2113902310398083597239518826373238780184199
886928492579669103133002466283288131
33024023242217444380691538132640371403628151
1641242790067
729084141865707339002076549
957520904653453334720174295758733123234760
69310366617512989087568516387
28601012362374849332152802
974129182384923673094
96263551231702012283242947398356691707080929
778955168940884882483
831498397629341640358718887415927
3205514
20999855080650530168336728264741214494635533810
30687568186552869609034510671341820812
3901581
2835249008466313567144886294305235884861
2389157459974201958245160751280317497103799
20163085652069254229718946
5897357991837288487263032351314032269945
17112495752021549877606899521348676036549024421890
7127002351254263993081194490317558116
2011401
959439020489831713098699844032717019217129
327307027439022727057862270843703689644509228
95648206108
91685532555153593058257699576179
2313513055432735936913341736594
876588125324794711533260
1921195451872153459797181448981027068279808
90318635749634184389541075354138
739292620006976851862560521261794026
71958668288985900
36801006609202480579904014313988155323499161511199
543240534652677868
40282
563536
2200149
5628514318038428
6652242420998
1807666883712144155519507396478007075765
966843196247234
1433546102055287994919325089431
393818100643
8794985538130756712148545839468437731389715
5088332593099930
444359048397380249793360430238908303309821992
32649337757539649010570620
336641470856613551802531623592998369463
2732020258964682948215842991504
24924040879
70118347
446017595933
3272959820111816742434
1645853055471302690233437934
9135041973623687567708219640118830624
79735974597
77048
3614374613315029864131
55189367956031
4137153418995520583976539185425109909579255635
30373246225256
6484871301885492
57564041155249755434332364931177777210464787402
646445355087096715845467687582898798
700550
867742481582013348493235894712338243660167044903
8720953620394026845179977436627674306025355
91051948984703551877071716771247
22900817356985407
720487685934898282
4842302225497187337926728580628749
13937796607208303564980320
18458546318267354586823
3139836998159554697210834775868475603530883851598
15526194979734426326
759473321114791
134543707849335031
995439044693630695028652
9303493582253715012321953501
684766835443503365849
32558131780370229849
291126954007424769382
368041
3604005519717014196752520311457866810267573565
8502864218568913536013210837840785686133835
56633336368997083499775024480
48742377464499776303
4429400989756281728817594262587124
35894710477032186833253
5467309948735536236959512492664991736158
313003922428036757000789
892970689302
204692233172317778237003472217959392731475
559506703285663152996661600182690377415194
1881864532381667239749397329778854460
58627354115988007921
15070922533
89621042408935124515581218
8926015328968235438021427124
81908144947671924751947714418
6629140154371
704438407145703925474210830966938874
5068596190308627685369836921898
48977795663602683581699054025402566
192130474578233664592680776252857940
5121887328051027763467
37950747866561
704177646053441
68082995117238002976886996198101755904582
2608920958709650781188
8699379726675276056895
4729597651463989279055840629757039
8403900826707296182872
6176554000194966284
81333545285
660416163534182530
3800813
325852530017813856486482240263129983196499838942
810941671995033966
91160590507529110741271384546474
638919506619581502968400410
224493722051953006719633783046030436
87359258313602606
764058646302343779580054812797189696874834489317
1370015
6755085610159272490651476479577421832230467341
72345
9195897379621
72322369435190666983056039289425378
967400585398277762516543141
5704570
7236026187571
450248342
228005201947049756064161212279815
733222623324237
68177757390712764277393215929
98363223010228129
84033
609210661781232770985387618896945847584801302
4272613633466113
469211778297231899407156658214415114
1824609462
812815
48768748733189775211738147
849698298285228665717230232964981615031
31352898144214966342185274
843087038952415628939
287667660
3053205799327789848051380115059829411244511395625
798178949349626491
15216780951110164831509698477773916980305161040
43659177657338735152453172
52020171435069594422288339376
4731148891761435909165415003
79218359965384330433534955007601825568656465613622
241564608376839729899533825600345100017841
925231124811459861383136987366
20141692
9007176028594087441
281190147888603060
7935496
6700410473030419472603050409051906689831269
8553803782838923449276205900038446
637345678060077469215
58518027741624761592105689505269279086394657
65757095722219189529510816405988272928743646
384543837773054904042777868134547621
5218976445524615795997
11383033411923239
959195340608509387407224805408205864138009463749
832019604945483794861512917
7290120866963766812795777762642021991989
1386514121471348669560336307976958
941419188779591967202524
24602193521991651176097620289653589959496
3214450026657419442289009818895682589253755
98472479350760679489314282481225325262935513
907908606
77329686016254449975080115858115564
41376988631713288972223964701037
765366825
15411086371436539604523454548339
5939280325884048
188094921
4036297413338901347
1986922185928616489527526338940296702515125668
990754912910392027851261973137298298187368
682273
710929005616507276497067888
67952058981347251347237737431531030732528074689
4543306184417861824488054244160207
540920340557064114476110892317418843799
563328087126705
38887234478748282534233145692025656694820649027
9409295600233499091458827262882041825540470795873
61953005089423344539632571527835455025353383893709
897653531656745959507594088620720130
852530677598938786898
533739685726226119349496160180865594142814
57654873998224792720872958747289643138
46199547007922620413525986660072200928841
42700725498228296758512446225314107482661840
45020746309298018
123661111254951354668668052421742402086
798188087527297226369388924
85703903
960122338025387496508317821855348331485
58235708033
289362481166905004485031815
73557088786124901732086257012426350454
508324251973180130738247258386348097034965051113
54137502938497844214906260723568830697272493660126
4862474533966166983941995086074563719602082
23303451582
486932570197274381785
88098171779514201811251947892
47960058
77771613447
20714953019105120175925144544824
5020219638520
54605075703558498
27099594257175445991566262277121162976
304839317391598758837111
216768280
784257794340444066909244123710686373835342029078
932629908956383148981201053222235154232377
7320229
7501752291072873690834
4231968747836237364807999229143036731
9170520978
5281724484487170687723687932
8332772904325156457719197705507723202052559976
47130716784970
387355484604
4490845678460209285286435914109114051029
95407060320095962
350696917096385345262
669762002950249359361128574557
1564443877654476028758
56786975426836290133400466444440
784025527386339892518235794275168403561802
176565106366819191
6148139
9704265631296903
44718564892643641357
486059159917577838
3238909920790091338107661451635
280920672
420838645439002035322538977616553832542565328946
48970135607479940
1919093260997275366671021948413
172660081438374536835823721730602692489
35751899946329599
1116841514116518253540488841995498377314887244
3137013548703243341459788495284
8492577007200
62907044657556092423797
86237
21079796023971400660341934369083
12674948682178788696
281665177933229963727973835645415853963041620
2077731768989028377461588
862362156751
370341442548989721824966183758048882335216322
445468953186222177781277086279977691335
395843434966
31569199
78845311327230011637044215
68461568651014734814511
77959065675410469882366720860229829137204
14509022
30055259906302625568
1560705302445971915402097673043558714399793
3530242557251204270229294289731034277
9142165851636011766392449069469900311390661
16679447873088013425521863665367786856712574831
381724118833107250
400965731203339648838236297841
502664889209212561290136
1916847762454652162741402478822
30900584186128988066857851
92591540307750713846789519
4982974178677913901058
72059947106611195654615879611379768280
897994
51811269974362871094549403038153009700688
87521858613138925856938268498174014936052875977
540811853335
2797288067488
12840087726468328178546487780420066760
59944520169609942
78701474607709089154725182786
747655953245985151999428019173868050
75933250847265213856989142892238634
4152262971146994355132828892857534130029043
8221476019079174757
31447463725
2023838068185465620026881
2262675687897395290711340592
1529535
97107923
74630563632640536372275683576399
979094105387526127562117165329686170326298490
9402600133881730476351871408813522786133881220097
16466322599321525047509836978400763821638724162454
12112906063555089294896204564047849817579
429631971038659597245101206075530770312
4358234840
939467005950406117712449
68848290720325533
81569199261324457653612847263739589425842851860
191340512
1044258742051
35753374179520102741
45088591511108545442626
816595
138836254528005670444019450705278435593941703429
1764455132675481442010
85354340191
3754440787323094011503724
90340772304980325743598449
896927979559127003912853225262155
44134918
5542452675407492839730
6412322687172094591966
8878956367120050509756552289358979763409968770
8241327075452131293938443600802907735
561257221381209447517836482846
98420360318199296173807666327
7509114472466
8722257772519642
2681958223329224745425136534425940076722
439675710268
85425123747960
27040572579049018477489
838914137666417059212010073798
3914025892523874219724607104
30552749266892872696950243181752724
468488183896180173
22725348845502646996763133541502
389362879187049110138680446321565684209766401
608051073941912771098214269265326876
1565065493397041767687139428353519725179556
705634690261785382
88809677576678187193159300703998955136561115630141
18729877978960976882264851594359630694066840130
96966290945548142810568
8982951469993535137067311572347015401128
25114
740150453155557389306958177515
677146152324043695788
459915410530271347092992763889
18245649852160540397302995297
4388493374373075200509818344766
66670096046624658066971865504
6828997255047112
65448657187617988772455599625853444175645728897
183687012381760548482264937276
7115711821644496216166860
5692027635391078429999256371310020952184408
51040
60270479
64749967942149390306
3128671214189519299062064427351371481393368541453
440324
406200586170
76638139
9732117292230705649884243151739251152824489341
7989266624594785739049553534575
425252585
39572567823867648070185426778
631495066550927961957543639671
571890001466350450926
96887842884366
8834055934751462604
8907322581224503119383835266962
1535189
340297262678877753893778600150902818
3382201539989469018817132006
8248556312854812
91920786914199923652502367172491674844563026140881
711905003196919678717829117327001897122187
799133690165573630226183
72019694617
1291918081889594556757031640660974
31368084847821212310437299840685709668397241928399
71307939829755980004866434378505379
455428173317
8463151
31627799206277053386012119
4499347014155803764322278464294
736484661182965648255703911436
5894052083
6357448864720085710450437725739513772940
20916114
31783659967718750385830919280
7659772797471
20087545065309892055902625
62266619435443092533354729046877539476791253924053
29565100832498628680635843650605839654417506
9807064174150765268090370178110729611
68864849129241164990218674077921127149689446916754
615874381
3497749526014886102141299989
18980907081803598406153312533115
767790582
34857437567037563729835216529067269488
78798504750232649520483258919516516
341869194
3220981069810889365415193554933571
932823240517084532
7664424607869296578316162162075606993245522059
2294456807127866072981499925932735473953
94353476767452
136949642770501560
4853209534949297948188998
6311396328601645
716070946699233576284482896188120417601988205
1434486510657117860798
9293485931855
78305031970809036524048164837352812879237580775970
65307349232229730745376551703713421894226129551
91687695040615009588985793
162098835677671135059622564
344989318898
2131721620180241
950139729980022685000455211910889763251102058071
444262298587316456390580780806562275778794222862
508936254206005745875979434908375372602732316
838940958941688048882384689685881555
5988905203980520376899716388924069341
627325762176118122957210866174366416658
696169064986798365237227920888176519282
22150441
541460592629640777366438744808855994580
796115308864607072269707107831332618
56440427002
1761834450957928307062736338
723148
180325011065272662287362314241707076716734
673434269076142197590000827658575912
4125352969742238520818
1205493
711531307303825251027362
7424577452032760482964873618798
9864776714246782889035419150481239386
863100
80762599587
6906512104958793749998079622424785032369388
15474214208095039889101633835789544780862368942000
4419245461637934994811731576747335208884807
25382560471639496297
842326053951007563623412348472826281
19065543036456528491487519079922
24357563482134276547849892916864360694458513315244
390014106786994650156
650678
9579775356348699736701653
2655997
66698333710171881164655418
18328113021171436523102418395
3179011303955681543334742971277
363445464779829949574118
22659875218397100069808678044596755147289370
594192298975627360651177946
762698272075
874725033446486280359351435940
931904436376943521742336057628772833138258
896376464196144518837689445997598
6207368726460873319034
44515476798381598447677665
5025041000110125953578031969274528381589664214
2855043817510715
892905572252556892479009646
540713383101259830814011335648852
94445122308275462
930512680961776545825987182326
2455411053137446564962456459956927567
966564460150835002504090540683717898404694630891
84627623044497981449414701377432264
77453682
3390277160150685334431182592624925378951255738
6701674191353360685597579679517232413718112489484
4293235505822983464227614
9078864309503755607394896896
9010441991986834415614764726
289370742913630653440599582346
10418520531726850852761681630791630
3593789370023253679543109
7335896365028106038249405610940996339525835734
85223211819
8454526454100028887478001273331182746597586850
86521313426651839969
38191757711599120415286154737190032003306533
901821601979645318235113522287754
9693830923803723888300608644712810703827640754
30000382272357638187724
43757056428812689837512772134504779405418927813109
70623671151952259202099647872923691501961182454131
6208608785126687798862
512956016414894092113
680412903592887933509
75231062246
39997376425741629072804994886754909
9707517009545136987006979919662124
457481151083
16898080070269092535370587194317374224
78698110972527634830289179603144185341232764
5621607831996240199237117679
8219761583710492858
67763438851
151703741534444480817954287210880878
370034294762911005096
6647177957
332070491629185704381380980558645689218779184185
823100338603666839918318399411
98866864424569645679270309085520790
925310403348120055241573505560124572359835555
7013815007040708454320920
275165828500543054118845
563910444972192499234740332515
413731966234387841008820403440792289314627868777
4454227
97291378241822201235227194592252733886954842902
8359587370
1491508
15808380531942099845560246884108869307723
130605577241938640395538534300294086352697501377
64508291896559489909642410
59696499514276663396978224
34292350503272207
453990472
939029571930692743392796
7989970628695774445129639916685515395
8016487226976
1013936760245055429
4987465797705
3800916415908222479504312365863436131487404469
768834529828995
706065821055366855475732316159742611513042443888
2081711843700667
1042366600721181815999034110717
603403531776992964426286512985500228823438451494
532903507484896138257259147557146868
1958722888658625792099
8557214393285227461113300873585605
74657066276384160173093660886
1868238451814023643245039764949381133286739739
5023561321169278862095822
4490053199135696218103229779457
6413285870356783872998568354677151570121609856
5727333589258841378147012477173
17579456
2119733219862927162356896021344
9019109975342199116233539628537764301324061790
75672461
96505270397360679486357899674521304579617
572428231579467292998261883073
897508477
2336910120458797816870075693784254569608873
22289520
48084994734621005302
74685637472
26427042765340073137324815240160703250595426520
392195028634683717992007191408954662
746314020379127757335878003928575667111
8814726689546064
43073
5150605709105187081449744885210423258880077
105644546602781602448016650330826517824
97736333887130821884
763506798536245702936
4853155456088094873798202888144204
181361426857224214754194922225758
5487081541400901510955683569514333082
97786292988905907496218564671282304
640399806453947344374996610142
441436369882944845958746245
3405433667255490290
66855831699390852510366487951111854320682779
7349848984076517883233839196543
1264181
1371822854
279103030433875872222167395025993
1008692997731009939548311357176836265286
14570338170836038220991127
174531
782543585155854845096735723
142801823063169167602270219519685407859642287061
709597834252733779628527812891115558602
364420551182
8810938609127690065014864910754022905340803
424104
49074187699874835403005
74194401644441776967892103643194
704934027995467242
9543394604460527153
8857657594777382215
3356286
734361813025413873668
8597461545951865362771993909112
377229727512813163524883913194
177740123006903611849405149507107390819
58068251124719022241961237246
8080959559340682788058175999314694194426
37237750561737792807270592797459548
59287944809277399918071296303886902055133702
939294418052
743530493402189735060604855413097764179
54867641564327739445594777913608521267708
2183434783587689
762336510130
43280179343839987207715732060221695811848506998
73266
84189578192380187219910327
53980117
173297322600374659135960016393167656
483655236537374
617843034325714196881051494175910187506
95520322674817503184252444912521533226
7361639596711840521131341810
41700303196262675582311282893193223
98179227493466528368655211157725
25509
73753261
8817069084366508104
77119
2881823872541849201923754912999992086076151345
511619443760808876887588296681155801054947893870
731800442711761954786339193677962760829915
62194
5874314191070263227046205094719779773727547640866
986926468695299569340455060583074507558203085
9257939780821750971086883663199051
92653007968729211563737963526803425260
4643651625037998087068790
7269710096578
3560590737464293600506167517
35284757022806941604
4181346074871923566443444951590451045120
3901829686871267137300913562539709079943679922680
646244281117063625790978629185197
670901183245421351909075823376
9291261202767082899
5665708097115092437
659697306935341928143139735301076246
185196074356568632149341755756173084638878580293
80340
56399008405181116571479651235873252983386320994603
7546472387663
1208690498863803377
884393878299671502869813482755999099757937854845
42872655372001055676502958084558436486048068949215
511079437000468275
1857193749
