55
7193842351648874431120352511
710913560669
390201784250254340559594
706
91
5321007341936860002860
6872037696
9400000342962036694665341066882979692532
401512868092
3608528850368400786036725
307782
5244912163782590
268575825709792527444622
74652266736612252460
76634568914604418652459586257616866411
531811499075402710679755369710350
443662604338
989433988064262405778405573
85872067
999402960690672378
53881649778287227232098
476185
78118892624945583448313
868209003768333
57481158360562519
254219081947
5771394
3608528850368400786036725
138601278182168101833964494
83570916423807836145303111385
14285993184694
3608528850368400786036725
4917575688579190385193316857377381576
2807127564279702521898125
8052069497958384676878299483147215
28798642495345614151216312
43758540079711614564164897
175643642615432802065252345889928870
82461475562074
678255752622844
7824121383570604702832093199
58078473241349600409
4160488333055
24370962116727
49341644035310151146949453
18405952633029505818657
5307449702351069776408787
39556188367216
507156561003533473
2606023453
582103
61827148670095876800
43373334874746231996009
42893466621057946785865951952649237
95822
