not secure
84693465879027088104039611762
93874694
84660187870330728887
693751963243514814181429522319753745
788689256488261093719395157857656339864916040017
924632509657
116201811727616
70569569339957409
332951157841919669096483
316439403529977703548221357868673729073
46870753688325207342171886307323874210908699
73149327265854463464
176249
30273844
66212720177708401253175034964
3433143441787631422
571279049682536498404247206786653882949144
50195029325
93411335864656265153897026399654284053707319
23776941143880589725495009489468
21636766494712684983497686351673251840998603840222
2375316157630917367
122670180470018063261140732573878171
256407176694320864273559579696376128319895877094
736811273327295179087201603369913143102
971872317408686707551479858816466847669918798
3272678281557878264678561064525078354538130730
77533851849237043653649579917567173408291458325934
33415405978481898196427790104600067
4544334020
22553658398849143392
262950561301407588589395565999587690484
6302822619941250729710770246747103790
91150590409903892073503243670837967995
37360907
96774369693006095951720612417898233664725065719
17241477582877931360541298
3736812092330544283187685382648752375244350554257
451567634362
54871727956715181934074434
581128050
375707490966013
59418849205717559702423809308053
254095635
8359526676549387359
36089014634472000664
79576666289947119919792571796061557268868163007729
3730730
49697375265218222261576389504239060154745
697396700241292371360
9535303452850575869738595365046859779308132961215
866856740890520840739507157921236
43472062489945762646524160
5956864150738219
71876598898758414
64425738452361156058271957252673
1633411094210147225824523027842
90103112015
4404674804333649974566782492862837381
385088720095
60023611191012605187064398294802
2940924738364108980702
540383
88529193
16125152754869098020414066166876069716166401511
6238245022958530918418439
639207397402309518369004440276548990
38769325576170127072998717235106532734
281801336004493903663909457154
4081479082029533
475596077053036958566249322863804357668519896350
58704958604571355038122857
15385900215119088378501186
2105986697042612187692034473772462834288259
3508975408590261600686429623409116
1777946096113221774168528429746025
3495755427982666229965225988326844949
48229702951060523483971559737729488891752096705417
75416238937812686592125286252
18979
40063222709850524113866370231932388249560535929759
580461401666409390448167372592940494079
5017920865583006395113263708
762419779330396096460168221236420169017136434581
6123132335827990854817569943257957499219692029347
9822458474194552558816435521040582349609324
596737697073864088384824828327
73396416808304794646329976
607934757111576700
849970682711147468898066
13255148249740443460030
64100
151688496132699910227679934
2086128533141695272560
7903134204
36759447066060321575
6321217508181
44323052632075
4599052530757
12538898964038714905103197
8626891031965280793104910501145789124
86939508510442148819998077650366306
27358063396493884069686
274492938527199756272216558743559551640496003
31064126714678316164441133296268
205189883831250240
9457886591973093585232865816161999102621
46246683775210062586618
841641950340322306282648153515490022177
124157448
341072726
3468979237767975475204284456642240
7257328746495135271437503157904014842251771053203
30730853803
805797345146174512495607966870655690342031738520
75792200641
28518984549238963583185078374350522099843
693904450258109600970670192366759201930264737771
76341933403318530021396072830040300
7437200085195776
815342009834993555749787386518
32263396
433707941387199659373991940475340
719190681875541909106618731283214823
435598857029319951498203448192057917582
9300360602160682900137887817
600008254090523947656948315755749630679366
19661497
656494424
270012
2219233622123518641262341758857898772249334428
486302925493421056969383137810094792720
5163365266938555536645719688200
64760187844934427942529834
217318723313356
600983518997864474768849660140498
71891706074882667312615121437408104440450
3932039694841071924
81688091826085
6543627123354381555624100764585807853741
896376626631804431531596845760075
840993304
687150069474425986329308987647111129703
3060874076738002930063057
57361
338893081
190935371834473476943286320352139
7084929047802090732066
328687759651413365116306096443927
49430590632697530757170919643346730304769335
1027585074290
3959441923895752420368824304507706544713
671207097916989035752898063717698570038897
9039452588871646038855900480384595101383704739
4769492161622734374672265160297013
924384202108542883541852104785457006242
369550816972
7647262248765177113435392825
652927347146
860420
1688874963121895435098805534191178571179454287
4592348785359434845
565424325952730816004413091448450257
80995
959337300187320598118
4013005491787891882221006039020691536
3273797824795680164142598346
8546524187584901271440797368495846
4739909574426238069236402579549116885
79628274167928662509289818584301
7995492592795690292856470328457298417318620556882
77313706014602315
635462255969304001811464776
171596265401
34570317400234248663857233952
119012440260592440052228357642329140
8205988397996505539671473701918686267
622164466885986243186102397222517807466423851076
77620459837352210625058
58698059011958252068122189758
27048467288408412
45448137973959562344895896587108206280597892065
1376401566892953839149557295131148419265552163
461782
66844480
518577945881044266538420391063
80515972208649655874084245979144855
186462
43694
35285424844845499920134454147692993735
9729002952320122501045575919578
318202871438519295607379688598
9369645173307534453001671507740835598654
6710598128969
284326364942919939092302624572302772754831
88601276315255153902306010876454869046718503386294
87547933280020827746732977701984147278226318265091
890407026026
3542813101348272
32901851245674182168436619158
7283434870736522502
6080862
9141383227718805191
79283001734193347665787240894924
474927919402995167
212914310783200068404033304060996428
6228399058646298174509686192967858227928323634348
3698596366364322783626797614
125468774462640308489379659082451318346
3894969478972845884292372121671032521
944107614625176373427023826458837823383
3438984747708398293957
3310668975294174382627462917739
81261996806372611484998397250236600907093001959
1550381
99836284119969294153999395749622799624
4210541511567231064450197909058567482504986415
8444774867482444674293153486
510518190977240639092348545926621766
379340173860124307299384158861115513206575746
8303017930743421960629517
253929869260759
24748434147006643177262667099
28205310482010235509155
8729317006342293307145055295823447564331281948543
37790081785152040012103195
947239870179933661697986738150323
8860712880451436571048679036384519585127
9743145461077548832705
58177501096867708161324388448194363
512191566447038609
7232659306861204
90438996459998155644186
69670759237929375997227604440918
912876093262425574357668
947805484443989194226963123285
3870676406984361508
40796439545360527566838308337183960201491
8869485
483985757536388925077709079669246795
484542383279352716117648768216424700615184448669
4208760075504714635
26287
81871383176754
49072985862331210415922793919600582768316244311996
45193672468396529593032717214903817249568650005500
8310800006245397803829021
929014587634274228250149406108704470876921
5997069161162235017593004242826486
954201356815167230982732627580176
722604521943775869725
29663647212544814
5947355272649564307720723321676982722970860994
3554192913755757154
35147591820418943211644772398167477897987706989
6913733520980601054842
8126507014304686101799661099523
982306528830565659291363815239068305849186272
6766707702542548260807400137043833
32250139746613991297378050189817765711949241379
32130
725007
433994435409833046168
640950386573276176824663056653405
43273894138746435959
71735908303743636746077590
46193662910005105445759712440738249262326163005962
285704271761900197874007835835070260265170805177
9606962400085242
58354085803496402069714935242635556892
39942669124457841037264828610804637380306132291931
20804610
2220917983357757973093415279221949536722801
804716362923094262
943276976530092072889902888031580538761501371071
7131935515532353508683059842597
31813394
14117724300293548896068889060272305710804
988923224954906609
866891606749613206245801864807372470794109233535
6110516080003
9741241486283432507211429119951663270964
89574777050564982
35292102432582674602804668109047196
499192545372104506365784892414486
65670867815909
7480233046300462877126968783553160206297516456181
797296813564
1116824545215097739249753715741063372876
624633812682639869863849273062161446232485
51222130389485376377573675506919050947
1622073023146961755
98330321800
3176628195336109240884
2881620411
5042403859150576
8033503384731317356
382935703468706901415858934369102422632
471377292173453501867534019476976289474627825698
72671450336010848646
4808341
3986510
5369721074034549
872073939949099134436217738975648360975354
2095769905938754654488338337469995445391102254
52564696062030143151962426415823305
8366889174117090268
9796229222079127675179
922977663522983943974268612549797470911262080184
555178077180255542101396641874696270
82116886429726950516869340749630716747850
87283338501075034488341351969218584003
2091695877
8250523565884
673940668639246446790575853690713
68318772476458691598358522
379428105340031154096
69436323735258846793306848295156
35847980449611024826201556412452081
7228440960810
153066399610185956
366194232768362607075409807074617858098173299
6204981878157170765615549271347614
96149
55568555840172965673567862151
67948298218397775951009472437
80195107909171284672931105849300340964195208
579650728301947852421485534659201579
352626527233429951429008943834152783726318
126089604491585435489591787859420860493369
7729225527846920591929
713418563235719545807350
387347433099668539226296549132270305
658609
722088952833040443875660
693649865064050037860
574270946789619179599910450113092735045861
7356591
9504640743
97285952938499015216514155268032088627
410247700324795759571635767
87760578672493336336268326016486549200922
21502958307
93545172810
6748424220
9161839900716856683129828357320917
496756
6781647368357973151
474464915512024732345006259
28817011657220
3964621797531584554552490719113
423324485155832215366264103444489
149581408473356775745491713874520679
224054803178343919745915639224359995239794937
74111225755868287986870968352515948
454295386586221803852461
42066535062192344
21706831743448328849704722265
12080298
9916645673593857817739334
5314316884131245021034047132
932743738859723530237514576756106
33373073934258869593
424559838737912
36337643096824005600658
3745117015
66656430783299337047580134
226556039309
6125088798592197581562244
644237328
58295329346484378366015195270618613612
423328977884508857768088590977306
747850983129675478677454030934213083627824
1189590561645390
539282701792896126403
2681804553
62475509591103653090975430002319123116372099809267
28158538407454109029703799870685634607125316
962631785668968682071923448734319068
27027565642754020556196525849793889984249487481
49379807854
9737031684691090010863223122222285962003248
596871225020864829079200344
32181184827267813160818480418211222170910589476
398759132147481452
7367494551210436593719011407751
84129212548967595924008801
270242186951142157157222993
44520169279395643243884288638809
481523521
488450642784191209784529139093718515687
644939232964318248062240442879017
9532960508768893675200086300272215312574909
895083466800388790272575724531065
5920378253777599794383357361
787504662
9337767794
8889464439185104481944553
84187
2486943856574544253443347937734514
2280573
74405179936136319437660
31701286592167376856
1543676559978432564394550118101786403858510
774948872617240483912520074113475876458002824
711096825432266916681593255136
11765603535142050652189799064459912653
3489933325083370758466452170925539634897874
31871111628239195959
742124648023502077744136461226891823338619
6524638471358378188560423483705119811577
8080357551551437747877682602
15854238850311551486073
35393987756939841
78398708875663390136385855797442057
46880484441
957117787452518402900190932579268
3796371716332400289043728913112
9626685989674001516504
86174606910701024924930950460155429987647139
673769127417
39533
896548901077158524610
85599352850314161644730
7604122551601
805373685
32991273128741258051217087353508971203094909
2659107055149456
21405054183609482584633695596
803436571
4370276874235887622047431109176925768
9891978432259717460818821299205650468422861567
61506344636208742190312805819721
8934573165398299
8641092781822719054320024810
326515348418430758397466
457140991076230
799480556
56838584972319287622809
1133619633
7384594473084829023478
13683506535629523469125927691890954
919547
64740673112824773276022474726281470773510012525475
61185154720180487766859465796153133
814712750903702580028305603545
80161102306974774872481466394381391627916
13851573090
640589407622725
982925145169
254909386139598669480201170878143352342
1340662522377037811639
68214064777759906620053617648868334450
89116372733744171794985269536192096281620
499647872672804083518714
4249961990895
618756990969750236240046400319863
75739833
12253526077
544296510803161216565207234
1281908
88988416799941030425276266385
510983403664705187749636
985913362863413519805229221585356400123616548
9376870
52048873885493680873198456301400757570225657297
61788704529
9506308975186668102704170531808
54562088904
2589796620181196421720926555608706392580
29938646755442755575915998031311110570252011935
595716912905324727012329293923074
928313147276495164499274813322026826241
909336594414967124259
86720679977564758268112236657243
268041698932276948757730530576623876
9052336733487537113371111471717848566703051771118
86308253108103958
8261589771677525759535420306576520297510700828005
471652759455333578280707097719
2638529222178557273157136456885859297774031988
67852238714268991373186911021485730
578942527073874882554510046
79213384429474299336880563323574390719496376
9008327
634335035693555392450306
1770876182424557716137129943
282174962029914846716765870198768118039
14646565125166436
6648532021882
4456957
1457258997
222424170163584910440169768905785518065
35170315013
457386860342139339647616784673494869910222542887
9323834509962663022255216398846059764062
516781669454891
89576576635438577
85575437422816777196177758311323928857704713989
9738784309295286378500143
3084121439330
773473684353758620280791124192195
841774655904
5034116738580101326107706313
53208646094143400222759342356078529601716572645667
961785125108846766041469194657669892900
49779333022706795552062226141537687746
43078369732853531
1977171301798097607314256042
2149115396514995104168499727404925529519412560
540787998090943877387702936401713142293523950
8021254117962748048989113527706048171401656
601509194222115565147020254503936745838
39934107739252733257659246
615004325900122045793953959857
24039010863881506709405158316193782773570
41458875431373506993277207590039197329357
7989767246349510842
90058132101054602653597134
71082078607299978366
24200364564075853450667284467504274055
138591087914795806567967645580509298675405138636
9648211858263425898
761152427500469722
8202691689
54099289872065152445904171562362511260488807
3728668059351372543116102843982229123384575387
7401677116092
9126561308282939611178
969344502014026228864
39023070668
316515080761289957384
1599377155374099976
1445466591623196193463862830233903969689322
4011301797045936242272009891637855686674
6690076882058308286551
3612587869277386146669636923
804184799624332368208
20109910768916804918423249162757109995
9842111223982924759978275043382911104898802335
1940150018524121366243530114878865985
832918154662172
752475936899420942
2328708283195759
204861160870266932884530652288230
740225159764267860099716990453280
9697109990693544998570404935343
1064644557
205416836973
865929
1896507276114001466419180630332574363214366752
587269320062
51469508559969482449965704921
78023806971477234959
2880665676828334922157108082138329603711
5726028134411719
87340721013169385398488888627
9684424939103875
53330
725749860363297365650929443336066293239746702
6026019
27310131
5672847464421620
615162729803061372732585791285656442533035216
44895329788939956735162076536611194698543814400156
8174148071824931376441561459
2665088528758
6747702787987
2154880756911747187372587772276598
6621451802979389200843493286201426472446092
262748505609487042097602116359766
8708646780288151381889171256540070
18471150511125945957654613221713707175512
3320933321072
2140526557826184217
85715430789985850574889873938437286435774596780
9616366067553860281206
958442738672768
266383443366
156064283823598235085201788208440309945509225256
10204800
6349417345283693824
6679891131793203659098
8604534607435704720304624905318386962342101905
9821228485439486211406625904415
62053
67794695294
68928318605926770945518767767456716836247345891577
1977378581466238639219170129441824087192261722
9228912222328871964285059422
826945422755416718421606962
355013220367124164714
849607
160384529971823192434
29061891102330612667496142695439883443181930
210742703595019045819988
60151736290916905073781458687404072130586412916
93082343967103968860000458192138009
4979497714662382
40084809818757885439751780670619
42075227825416284256305469257149329133261746
42825873747494424282
52443188026009011391115333228824971467484280
6146725403918713
9215136195327932603773095388887099269622
5404665061510345
3207286200348327089209405916616746986795944102
987762910787504157273611170855367467257514094
488937623
780458037
5278956462180431555146576588
781743658090686928879646568179672041484339
79259648913593
514039927558086782
803001998071336399345096005130219930884816390
954764401334716
626156759272
7816926
2945436549
410862133322352606334992836828915899124
251956234682760415408797948
2484433041
75369082652652265408173446420431048303019348996
868005328587386
556447397837113516065
511793031797977547451088
5725495453241345418727011340194622451570699
4460716955532
5176841894860796569432193062233522
1588942048201331801101891
55257517221782870203458935784
444592
2906539454609
47006080163029715183742432768873886552197
188490592205563074191868177121295
5261137257729444637690798262420
49813353267
3706180305037564644406994090104793575
647287215861321063651929137111978171180088905
533366190189646778124
165264906653658
4965825466482026243785
9991672134413954
69238959840232135416792721656373752380326
23302105864192620817264845924118283
35075581784651862
267594528946612817
8712062
1256504062950634853851951814789808837457133005929
517631973970707105847936003741467
9262586356753677113572815888941515393709465391
8630350
67669016925467994141451995342470351345179502790796
14104361451984776075842325004636262780776
897478612108487962322190027089492925924279131
636729655568586553107877913419430745
862017258637173789
581381887755183469826012412016669507
13064838963875
317919877188745994286629237
669254620499933872696071413500242746
717623570
719307527481568957945762226236619127222520
41701365133605034314934564067433164
69411994822992388430147
8316177776908691
95921425318666653726555088073610876292043731137
743135031606314183352210017
86640474339443926800
11814663223145511352247693246768622001485716506265
528865426503649491564030211358266646
802716115960000
315975623680219133970860479748
7768047612321363631
807454401047636157805958
89086395674309863012771555765351341
3042969147278503414541373629
5147946423931474008667434528517264688899
8053016476531459563230622585144190921975283683207
8868830939836603164307
72705749983068205276252705614088232
22585936356830980937745018237349970197303010175431
71993632262817685278272738793623382071694
92968540288916198371674225663447148874109965
34670722418438923771
71521624359054419477712396154069831
4701998268
8916890096799414824898182188174
22633388668582638511683324474935926352431242
995711624371985348593839741630
285188017868809669494379959763477551326221790
9077966838525272498433885568803582013323
480201703655121359643368
802737819620136033432303138211441146148432
1936910497146
784492688586650985797980808846000961
447798881501769393779570141570644120442782766877
973026740406147372482367
8380013085964989872813477494374
66815743667883806436549218727402570681590
871146406886916493120
679885126109043364812034115041940
148721823934515747558316811848622267354470921269
63622331485793
7349803025619007956600577458
43684226320521763402680490740003495800265525
6659768361738794351529369315998176952
3736370928968594944889
6345057597889
61495866482443876285
94774099471995016393463837464069
77188452124377659174057660071339587749807
2538460881458283142333859015584452004229768418
846062
2658291386588680548909345217593
51786159421942
522090841561423111
14290937141987786126885871
3672018791416674308562653393
13405430277
405612
213657825636947940929447072854
3768352492642851
19919446705680851142297407588199998036596370733
814773370912998891323674053022045693
2489825152637179583009819
388918246557644185305391363368789251066969617826
3690741
321793432202783318518651043347755
52675001300539203497850
8638947789393016142223017470599775794089091
26908149328653060923489954806003194278850
3296205612661
23672499307672465245
7841276853211131102030973640898912875
893414241104043911
96027552279767
73562785428187111122205825530736
52054990718011269226016356555426297880
63212531945608464071523371210829638552437221
62963752680081974490073388691563633280712764932822
6917669473939765158617496445
8698345346524508584654176177868990899
405053599180120
38951679819591427599805
61006669501337
20628433060204967704
993820396449339777018399790776693776
7931966473774249961706
8395377538742772789922955020665134
202683692244902456116246157949631007823918815
1383918
909636418600384217653
361944013258420262677314806923142171606431187
845094509299780436615305553527487
4894124630618631088826997720310257
25207112
7500261180765987753
36439712545882732591878500813782349665365400
69467835189268325122694698649736913494674891
611048
9286818051338497839672782088743797363874500
429680033717
371221915461605356
340534486016579
8178863214440537296848737577377
43782233368582771301639268
1564680009223974242245979
208550489289748898863428
751066
483593765309
2712142426674622261658372128405991020885619821
943259273321
39607830252614828
812873950011023937927666
2099944446322197578433880240370728633284051
5784156503989874659
6319115283442824769
4575316417876591513854085528193410880
397037667517830216508069561388780
54728
8670724646975114645638002868465871544467627014260
93128219771041686107021746122498127405
21507605384114334668305587160
6996355247436468880506507992186958573579279
47326376675045
10204944483112983864084036554
122894628417873275053010819812518
9119809427
71008290135017796326915011563458969142535
27512535592314412652490438025042522784199075778177
90331939676501428223630
24086358294781976146514468
35843398989443946401122566849535394904
77447200
5526925044894211486999666091805813340944711209222
7709028
6188011815701009662704188492428135
16141656982175658
322732950199107547840887634
828203421114347527452283
273982464937770531650989918746802716919
1755739920642326143703
127719934212999070376385
3820813512312958289001454127409371973
506287174274896558
345727185508399172180082176259354170240170287
52043993462345998508873417648187284816750292478128
86412138491780919368228438765338018
3592551699570133
605592425991857071235379637
975577398200387076991478168074136019946998499
1260371066223057252898488428990902665761165384
18201168045864200924198084603754060009
8645685
4127865024386160303
48985895456520474920050687901371818833015600225
69257440004098724955305
448008769
1773643943537795
440663624335042544847904621863127940930590
6160469898354340441967459369783006447916875683
8416939148808270241037238
36311468502580838600967836418202399033138950
74485283
869252529654215040417079884106539737117699935862
754780682826527559205386699442518740
62302820828790668348740219
60180569040976418238082030082370540
612505263161
360522304936378544702847
436363433277677171306905731901267738263295977850
79673331583104010509523414520665066884222605842
695530161010255800173179
8995732252520671251
91953453492151
520967595649911239510578937300450020082
777086268472472927133821848468322280864488438994
980490293983073680100071618972908682963141549
34564223305381542173371744464111
527569570916052443228812
64266498830387695644408194151121027966064
85002978217993893917799992258
176247403041107293306166110825113004111874223902
787880674622539423
39575212237266722564171745062288679770684440328392
61730565270983934428487034825445660691870212
4502122986849407349405205658
93305005768580127484243
5284581323222486586
348948578226692902560467478721839
9608335114491659640815072969516298324207831176901
349395259461360131233839290665974669100585966185
2044697917917690329283
491622038
53403454054791685065951
14402290159155291515
11101560280673048912523553862890648935865023428
88741989
24167276977327571070811913337337058679292628
61790971508769
725657886551561455950413618385
60050707
2997186581779054239809371708004448575316
94769639236277345086116902464118675797973010510721
969895198531727035298
31709351094356030241728261551635
681535743456
722971608809726891819
8630957672
63185913563823465166
9585968433591907257
584450974422855496
10064435393633071064
620460308310208439826
28719
755477920811215
97834258360019018878370434242043691076035
86315901154572137181008662059184100338927529593087
94890488203634523534439510227331994403
6553306925025865973935052637467848
30643061880323745651177811112582350564690
7135850
3403809639
2680145307015365908981914090293236930822440299
946540754887533464927430
53164803116899170254551422015682435481929
80039253610943438260832375002526456
98039747053856711108891188183500294395489198638969
38144481990961011229508228022466165158909057
23225209113663924576781579389183408749785077718
833600920964075136875187788
46967703824330662183739145821085526744789671179
74048748934796407781963989702
748379137483644344603837398367669270122120924492
40792065560431623457301
1328362670727625697570
642995929612543559850389930024136192
6273847457286813719906804400918822332666404041511
409226420229
365058425617963246183
437988155424911204944223155
36626631736972801649331
8762710220389449357
23138188490011957896
921950351303057873001239694064042934404
96932072603444610288051934489701926749547332323434
5988392762443076363272469781069976
58318773934884702285575643982043
775676086213
586715955787749443710316854611
9006822717370198027042600116
562918250943
5255725184290
493305111240962339951609230
904943773
9605093867287629670177408551154143597830884
69817624
18192023339384442343
625973998608575953
53105873853769
1418042481496612797259831709437
824517438613929249061496634
72990397066386727114847788813702
85501183
83570164709436709979844068468544677582399242
5026509160
52947828174375141174046008
52777471655508
328981397977682247285669
7979929133652546
584850174680397340367680184055268160459919584954
3971513391404004051905224128667828446
634635580605849
9593816556594520942597984
7781186713854694495271789622561197599136299979120
6069664846838799209122480536714850381
846710523291046966
5026985651141385079187901
7655794555810255151870714728021298
35204319937487770792936389521767265057735136160
1366896454408767043922154975202013474159335
50948224673991822510
147452971900
319741309
3552217533174377257157896020994532
962922417388663972646208104884112669318
2747320379692092520
3946549145941
4501711326385756682558438070609382
7136732740326671081639791925920179508212
630071829843121371238258793135173881482
8909142829
22515747726843952060510
27142033033398250565715799732706
7316261786249916044252234925975242573
2397813930009261048262550822659743688
3893834138276120119656
5579240731304698106740
8238089080279293
4044761481243666706871006
737379183619
1068256810478705731124
818377
10502168
4678652828630740
68752047135887014914493951478908783184433
597539321728481
50425684297351657747522
6056725069
132551820245108502280457303494948007160287141488
79340525837828854044376395904613042818691285
89167894673526883593216917804025790946963261083570
6216855428787783864307809714
23728986738423902200234574
19403698130558388623689959424109560099
94713462923303123010649671222761067582
55041001560639932561162494
915024297999
614946585748193675920335658622741340987
838887676799600502975817084340979
52255684
529179809052152
92202300
528289803812396712786068
808477128432700944
9999685155388
9261239609494075724118592726336210695390344
83716955879435651419054788
430970845
40079880666913581363332
2964892148264
334217339062298290
721888802285792
393342990471518576744622
87548109198835212117939
733615505135769206445271286753
367711944
166722685310429
758156802876573485
