not secure
919629755622706673631333038438638
726860
6224847
7375
72760587251935417476279375008287
272567527812419
32193969178229894159268885645019184
73139429197641
87518755304370
5893661171103
2771
9869596543374700611914968890236591954099
9683318
755058897365466388564795
79335
32016895524097292
1055466679327609794862252958096138730
534911647585761134283615070652
3841187380767595321
98830876125163366623420787537721467754
65833113
458827822
6973421923822926
5906497322035272636698059
520462310
26928296563277781
30559
851975158427191019870016659815988
70876256
578343089673146
8658347707625185862254704852971175163
