75
240804
704940920155803
5400142808
246054240
20760048001294566
228852
93583896431023029557
2044504800
1099670587824263
124438216360790294
2220064830
8634389992341956762
972210138811559
3032526420001
2955
641584211
3624897054
52380195782507414640
3036
88037680912951
615936162576569
2050453573098684
30605400
225606
2626915228371880793
126000729
2280544
30646021954792050731
84305655473723758309
4190128
1264508820
2076004800129
141606567
110585686
7141923850050536476
501796032118047
937
16280464508490086
2408588820001056602
555408183844
2884021650
331535484283
46149619
236053392692042246
119958955
1204084890840
24685296
165600486048480
880638731449
267204726
180852
658707686945182
25365981
2828042460
144804807072
3053837880322
64001206879261773647
8317638139243430467
1226
2910219263997161161
3060008820
640848019668043182
568595095246158
9191973342
5387
36828
2016000
2076004800129
229894170820303
30000040202
799
2432528820722
375
264804408
204402807072105
