not secure
8060480040974151122377022888200683897898002
70605053125327432156016856284086189913897
430745392003206524245990554917500391090166803
345174267277792570
183201718012
9515819142944241464650
897625471693237845
6549616889452251098598385431424641600
737823137176449900857817171
73378923429684771965
73853698447962362595297
32414367483551391011364587
294609156673510
9332218370341356184
647748287767549269826686391
474177731971518844931178566326776822328051643926
730768
41151126890235393813410679806943
759767724166207639611
3264507676379700586650452155391261101038041011
47378318283619990423547036730483
376020332838053763192090
133603794329515110705095622
41969199202072377521107318123
52784587195475957499001657223497
5126831857008380218720873108470401
3422922611316368138624358944032183217141537
52813701522371161502339170515167736751890327033
959797
8433790516224424
9661669094124993513957195444511
57864453753962519443340162522985576573042
720758012598468071883520534765600
132682445327335618820361132154253641412131849
41899
6227628079942
299314108080576847968451632646782110
832092143943338696203486761388
6687341434012625504505905875575260190801
287079823706986808492987170159360
6745017724026052492599098941777154430324949418
11005419817287150274237214
5258244091123748298137
81267120253272907502991031478907635
739899774533433185
91381709118739154927579128
2676076256257135582
1693496331948154588
8912482814267366617624364713222088689638
787424536103741925100
821526960435589823681940832925
74583550726936082966177269435978048029166278006
9771167257475
34917757341604326982738827525276557392457135
75696036752106509218201550763405099692982144442152
5036500286524
515281875771093772645168863533620546128355089476
95890377
773487557116038386745668458270162662421
247153908994419882932371106063103492374
2330687227523
64414839288700735
53611218199026
8722216849345047984616176861861230103490
58132150966170390717906441863206759560571770
135997677107229032018728017318162743523298399697
967612485
64550666878472529054
912011341266760926924579091484186833460
7622430972949113789363022
3164785565379
209703388558537918190
322033235650336200914507116476
49736024216155405436523121533124764623154618
663327568666969864488918441753762114134162002307
488038714337008139155238
67608
6407979979267157783134071
6226418
13160170972989
114725008591006230118695605151582408
141928175603655454464
207259
710945799879913339705097399810
96604371476364193922559242187122970182575689118370
9500432559872965
775932623618389249402147496380838031486864094
3356761857169647
89585177388907
136159187660104
98690
4009137171326725215
94697975936
12120683512602449657962412
260687077251991021362553380301554060857366
748000184678734
20205320914622774718733590764
6486361117
1661457734565420446408228329
75863327
637856787717892048922
61868400757104809
9757733828
75178335439258568279598525222944938132854495536890
865136182597628984332483158020411377583953
713363789022360217549688
4602058441903618612445220511469321954595841
366871252762823808
3873914379396926911475965537938971077188038
8594774391490313029198084863238
3581198590476129037972441209837300
448893089464909373248
46198814213361394358
6982911631935838653178484553352748430577330
23637362
229895318976446828329634864949057
3053531667669058654286475662386430832922
51259608398530809076206142991
299315857519408707682161708
69827598230279814376265569396646
3163690986316625450397319568362
7502450006836821627448041642
991365993868927220834482
93069440320066241845127815090134972852812428
75567705
83782461528638155789878056616636
7812277974490977958438651027890391842
61999087497458230907330968966461
6377383688235039180807757252046519354687096428
556610
2626640332324638083860579631758863058570190244
268347488853674
14994033906689151800855249
9329469
965676822641436635
50852235310266494282982679882821152109
81149142201048687489967131683595
81828
734953433938034217638055968082
84503935467915486704
26537617472862219803236742745159427563353563688
506186178672
81285847320590376735714041508555750618652
31849257792600
7160785962834
1666740278508625
99017273321438
3955013569873725353142960
96696052916584756666602023179712750
3029645204775964247743937828111
36697416018476449219408028311503
7874493354100174098
457143467877668733
489802943909060716954094526594408964056187966676
5592936
46463865475359861887141749468119992873574078732
114586131026344732332950078062631475
744765076474639027454106651600482290
497017304289238187899194380983283771435
3624501866784365727412266889864259
66026582785436730891232398054749810276540200358664
651831502137912412852142000661
69674640840215
13179759048662337051800780357019700515
6288977814529858358057660951818285679498591
4793056237010533269368
146900142
75219144361558370034
46541254354632451040
424975031660677628940
73530782856818007344600984259945943825
838697893148157167896196753539119420072077183
42362216106556
8363911
27227935967607430817359891666054761697709
2880900641474322829
78441698091121
79396846324733420674293695
105697770
40820092756720623899623265289
69887237530791496
49407744329270652169870916782
63270128775190708519336198267
9304023839174529372375579114888313
58842610038046812834515
523973992934754916202
359951094983926
152926211371
44349152280563688850903759159536
49108682995962251
302404549891221
3690115322
12871418719071217543216582853943393523295
7890015572318676504228676
5901765005282271848626640538601
77700788021623962571601000
7591834723417523724799901624751308532183
300576606240846920425383711500893395766
20988192023111192703152204947914728163324258202889
329207622637926862353947660476200490013636554
24428920898831
324020
5701943615877740095758026
80551416787091256027106789684860326230842731
32950423233324743488209837543587
4417016975495525948673306
45982871391363997856177357070
491014851500350248623561727284919944
60626293930510685326663869874734978693470
4632717146778849532703423409505040336447162028652
56792156106301594
71749454400172671477635250
690738
535938167763317252311
879813700552
303950104190739202928463617559522369
85743966908054229840398479095730833238013767957
2777310736797229
5788057478
815393786558013215908903373426909
6986892
4146505
5436467570046482102762
178082493973859090341934509
152250584187775800322381989870
19303241807575716782609785030615401279624
981936497798258577860570219060015888
515158574
116344713541897950691503563807466
80757389120462208286
84176653
65446409448458972048535139285323249163463637564
289585061487900868
28297311
75368645315995382737474182219
7382034382106617174508
7513357682
20514592646185586498036787996821226749028519483
93601646593109926446799339
6046200806
331715394809765539722401
639397985973440750461971946020285128755260656
37079152759375
434317
953517021263
1124824327
49138159671965
507702047243723972657854140230517601
891993723959089562500046661416540017
83015914119076967864115043
216025467270383
147521200584264684728221511562412963
1147587130908047176173851590
34059851
58983708723123614806216306356966147771673177629
855797780998731971970363390349605200352
5218911133602541586937167912066497321
138726467803995091575565
8952614941660706657987030802734
2071800
97211896778195112735831867797095214215
5072493383510283003851173198
1003279701655881170706542701197903
384877707483576304996282457
73383327
3979260231337612240115929046703
8069070521361001410
738089180929589285779956393934977998790392946446
58608818370775066632769856
2662077201863152035884752723896775595427665
6342933782246156488750625366865428827548873060
4609962024154367947081846140639458244328744001
12724963456339263897034
45598414428572803837003299282957830352367038553014
9660713363635
437699763738190075
5460819430370736165378285186702805715893461389859
697864470114034257642714649
29731817216
550381694373622108319404158673374396506456467
57535
35775889351167814739728533191128625945479853851
30329462242212258933394955937015501728523177538
14894
75953048163616329136
61360204510803712100862954512939656696907847375
11565674253867598
88158847567674025820323103463592969610
7822542221503592476948640622513
5140219887123845
9860417707657975087462626128719605975
94940639145188120485215893408282
2248217237680340272092387
200116
43434844174265491739671024748751164147348757205
217647272837307424818455351041325164971
427262587324539181185341
62866625307697029710176988921410983664076
6268472
6949247204937996379178614666930538
4185952415507
4328633461373029
9707748899622691031944811351399
4739178758085382843214287790115
23646
95657668094728906
331214072239112
6142359125336838811171609
55687
323624186842649948060887
4756548
59380820374599
602578511965071661690843671135453163411612032
754164249088259226658254436178601765361929626689
245456196625381728
876495008060501900973118865462784927
94000651656686888737947849390011094123669824
734482545021986458664748977
5752426696247527908358629
7505914447
19224585465368640575929600066
97234429180825851151219511994004753916837288319010
384977843097335087722710236075288779430
4347510
9626597364517142748873
7239617214708
48095961232394857883269619707645184070893
316932676583409846482694550805951498174395
9504404464430332148019926414127432212
774976855450424659838366349098953644
1170369965402622334861671134192225351358278982055
764487
29552280616759024167139001451425163688
865773798056151516884398939650377969297510703075
24586468724178459068403983
751003009891372780876506
9986065
607846769374047167869568439379962535959531
157011076493770
173393963313932440137015
231005769509240102880580498199542
8639283546311730095728755348213095246710543360260
114283431268728266790266441711554487663660262
31341
76667881
55596444509302770534585755739
19036409638236315896065441
8396652054762762986
128046
7287311343210800782
227760389770923790872435379802303749751343253792
11451759225085879
920178921562907941393
33645750262804822247645897728009128
7971654725362100255910
104404554875
23256954520
841596000097750139032619214975851
807570879897284534455028939409138506650
80493344559485638762713643
357766577
376050728246039702922845935523579489620113
80554583926447225872637374383952
4734317249884908619889198097439416
3330702296751041
48234260836757791608362178
86498721067510615912274386707739127055813936
79486787354549910241770340603249532728030258824
7088665618721
209379753
764128584567815472724460816992181936972618894
69917406117241427101560511507503905773934158254
75077689548065688
2421078639010149882431500462234477513830191946960
973326976159553049786444676435942563791836933
36516273279750
3149196052821801596346434
748551
8797909132133609964260
9031839486204554194081295
601892033092397962202631382148332142
81060226671136170894015053547762152921812
991888734037332338967716246083742168998472997292
17259578070805866551040213676728744602083646331
13790115773540974788542
366084821220512498697253915024230026867661681
7743857199970039534480909004627
4824528170426746174915308088056990505858
85947733960
34406749578374817370520469792
14959231693887536
36910919680665392476826378837235191154467270
75474565120813835343604985272378
9872007872591794086771324336058
7573420975957627620928235443049534
9766823991291888364379124751303981070773863
18542870685074388430649061
15274931245511233192477884
88085862705050902005888377365868
889864729905186384868026888703510
7906429453662954310166009755466
807075598702082878774100734488330319
87349416196464247194131492129894257254474821459
93528411075791342610789027
492216901381233742531535437589
456333137167450752363450830599795896214
70910492517683517511486348129
87447
61857643456027709
5336247415587544841738576080245
844191623118500132279478852620295000965584982806
5940565010689603
5241036304515329418175
15473857912539438
47844082758755
302731653963717740648454048409093302582147222
264613213
148413509966952740707138729
97048301657875023999337
55567913998836088936263454868513060821849969391183
2936550119037301728823542452703789663
52884093201432535139295499617431358817257624583
2167260526139040618
5988455246510026018
73873426
388194295555738343533345
626034192853262757245237815495807039900
39122011035915906204
8349428019108054810647900745580590566718794
31004161368903158540314121212943386208213
805848782270950170202637
478496930156019547618555123143539821841078234
46404884904070834
925494436166769167862161205276390132548279010208
5946929285578727379804315392184343129
6067485
82790633720413
14584681891892722712524026300229588876
338419845517587288389
900876
7368612824953623641724825390667703
767617552438373458023450674808622
31447161429837952672
92107402120
17012426461710
31367316666235470872299299486779639072921045
6591623055073730998647793
11025733753605696768150955371
760277314631909966
7142430
3134290965420991452474337376444717299776468252
72098634896781
870834270857301968037078862631621400900751878
212642384201719951020356916562764605509003284513
4491706104673350429542262938
842093986938954751944907760607321
15359114824140
62249398308904789927300285309
4680257929893741159706192563296
6571393443587799267518503178268215770809004507
566574458033043752695478107532313761555053510639
45334211142758714402832261439272774193
527545038252107650209077873324417
50731423066
19523172980519962544909703316846594820992700280
60180491384207237096297578530583765205
20002347399349967977268374451506
920574110150
81780332090789292059846990671934
6353223783630562090120784778
7862045575945205648434234
79903386040230848
79135275831397540
15936716640328986
4331206726469038555566924373406390008
8876891904139947838
9924329372094899753041429479443015045
833980299
79219094231598358346105
80281597628989392471534390721616521155
2250081813259187904455951451786877482053418154778
78168986375821816034499813912256504971767405635943
12796879512885164839964
3754322464025841547368089458
864562304670788524362366958673359930410
434434412
606196799
33883287950004671175683726921182211833288535527
418056421952724486383
178186134006
94587897317446280
74671059616601143992513930674
87085869581616141028292015905199650556
1815586
3453508356102610798507223161421128021230675
81623
83040601386907193632758679139647565151590514264
4591839079322377760089471564236437932086
856062553902238
776509687648824
7176529676339552886783446540144419496344110
112987413937159153263128876
95996952
4639539
38433245
77393498494223279038028261483575184571036763
69582388573622917900571321596864109105936729
59293341878562775761031195966101106168547098371
4668527804777020493217555569043177591494875
91639214158184220832
979255710639446721111402657599551643
7610964
21248167287078
6795885337449915735910527469543555642460697
1816183495271271015509066522429640969128967
807793620709797
551312225729844994772662375317
199231741433626375514058734073322524006896
171094769149194
8129161757813404810029601021
38632260658364287767174
268850711463871
2824775595824468012026793314762625283
4027517268853584814529090872615668151494118089512
546640383657323030673560977550
5063542712856876580762283947771698102787136008782
76671024823253
90629584742551251449404678841463626951
586542526705457668459689129
349220855368023
30756227041862371556123041839633687347373579
1439347249370789915584094347235473914424
221740498558204
31059722575637
43282236795191653
9959082259472741489
89287283282758107388393364389929805
11901491006568016978788923564408561673203262
25267436267634
428211697524808021366910493402223914218653
23250606300959524953
746416091341428630601596029180253519342555673071
687523338859822274705888
24452091541629248888615934651023
847157704040891406408027307737
8350002467329401
1478581
1126797280201
12504334420081106114302750672214790043120
2686956666348208945038
19246814548711100585540264100174730060
9087331308775319442809481772
911553290
70866401725963504286158200702
5496005511720
947846774534458367553
232021260319032781990338061903935842978
600456226165175169728763869981643
6063551855976458331167175726140330004
4565225697971851261568921131361340766791647048
483718832637745349630423967289
888972698370902529759623206221021082171823
38261575652
838018067382324159
28543905059373986287056923847257114828
