not secure
503
2864784872156168
678
41259924330925136708
355
2267
47353110
832698
96523473559
301105
67994769
808642583
835723288685
3118527323192084064
2068792406321
80581677146085293
4946154080376265
290
666260
511582346933655216
1477689415846560508
95643646201119
8357642977866345
3752831
1037564056884866
22120865764589230968
17303907877174
515014465062983317
2076318233
64909549
923572
970479
891647468397929579
173
892128059515175587
506
34197543361
919950
85208856
4524377841676834451
738
9177795390806
63786940963815
323553401
38120000392
69060433
63
4741359119851415593
663691174318679375
68726
5595357003931850595
11573
4436062035358709
456
9268448188070952902
8751388167764315972
577752009854
63023
7359120363190444
51005667586
55265550482160948
70533066331
960294947907720025
22598227940495971556
485374178250
408930072
96880022727082626
36437052615467255051
749571680698461805
770396608552450965
99663554839
5361421
55922245844
1904163465965003128
78758476974490
149755674740763546
3593
99
369351464950039
5825908671714014939
30314505962196
92301512195772829847
842593721
196044459465
785679939251580622
1756638331
11
351636665377632357
557
1238977458004020205
90420852727343174545
443742634948
3980550994140876973
3137442865
526115233
78822947957
77
724766374996
2732589683829894
561890
34532577347
61828034813724985
993
92080842
10029213995975785439
86051988786
850
6504135992
70919
14689540474
18666162302075
23238905493851525427
2944026057
1211905269604
92109
2947435087072
53276985591
65579676024547772
3425570429376
24412814
1121170644755198
55816154116846
8011771
12690
384897380122
5538038825791
1932
746949646922112
664
1701440638104296567
978
36878821824477772
208158620
7143219594869
4819357778713647
25
686206838
1803569
518338156263
5766654630933915947
93
9652999367172133
1542768245
9450151090
528033465325
419
