not secure
483854113722370163
63635891233990687863
815
73857494
77812032605
23310
39784534
294234414
4983426
1706950
16002770393110483
5516253603395681588
8394
48126
775
58075649
342838074
1769359237
995734500092856021
2293491877873
300573
124761021426914883
62628676
34956415112069755
50946002504117
14925219376
79948
6176090
778935754
8605035839258813
511632396
78766184215
3845912837
18731150250974299017
590
9587165657199556
2766844776006824
3276700
673141745466982552
43170110709844
36645693846388105
61006118639
1751141800291402
66554
10895
713120220906
3638168715996018399
79497661574906426
955214333879928
31134
13083485285525750705
927653235954308
1487950815732491888
7492616636
39281
55418796637521340699
522490679209250
5310409819050
7698229
51766219273345385
81074540450430468
32012
25340048
16501027709202
1516
7381241729480
66715466359047578507
5381905203591914668
34320
35842046825196402976
64995316954321243289
17153587825622
9724
349540330163225
741422340261546609
76695653439929986905
376045743
4148535
884
387766648506
27678191084196183115
815570806975185
9027096
148774
87207900608478
886125621
265106437585
75371487064760574
6899207048006096135
